1152
0 4 1.000000
0 5 -1.000000
0 6 -1.000000
0 7 1.000000
1 4 -1.000000
1 5 -1.000000
1 6 -1.000000
1 7 1.000000
2 4 -1.000000
2 5 -1.000000
2 6 1.000000
2 7 1.000000
3 4 1.000000
3 5 -1.000000
3 6 1.000000
3 7 1.000000
8 12 1.000000
8 13 1.000000
8 14 1.000000
8 15 1.000000
9 12 -1.000000
9 13 1.000000
9 14 1.000000
9 15 -1.000000
10 12 -1.000000
10 13 -1.000000
10 14 -1.000000
10 15 -1.000000
11 12 1.000000
11 13 1.000000
11 14 1.000000
11 15 -1.000000
16 20 1.000000
16 21 -1.000000
16 22 1.000000
16 23 1.000000
17 20 1.000000
17 21 -1.000000
17 22 -1.000000
17 23 -1.000000
18 20 1.000000
18 21 -1.000000
18 22 1.000000
18 23 1.000000
19 20 1.000000
19 21 -1.000000
19 22 -1.000000
19 23 -1.000000
24 28 1.000000
24 29 -1.000000
24 30 -1.000000
24 31 -1.000000
25 28 -1.000000
25 29 1.000000
25 30 1.000000
25 31 1.000000
26 28 1.000000
26 29 1.000000
26 30 -1.000000
26 31 1.000000
27 28 1.000000
27 29 -1.000000
27 30 -1.000000
27 31 -1.000000
32 36 1.000000
32 37 -1.000000
32 38 -1.000000
32 39 -1.000000
33 36 1.000000
33 37 -1.000000
33 38 1.000000
33 39 -1.000000
34 36 1.000000
34 37 1.000000
34 38 -1.000000
34 39 -1.000000
35 36 1.000000
35 37 -1.000000
35 38 1.000000
35 39 1.000000
40 44 -1.000000
40 45 1.000000
40 46 -1.000000
40 47 -1.000000
41 44 1.000000
41 45 1.000000
41 46 1.000000
41 47 -1.000000
42 44 1.000000
42 45 1.000000
42 46 1.000000
42 47 1.000000
43 44 1.000000
43 45 1.000000
43 46 1.000000
43 47 1.000000
48 52 1.000000
48 53 1.000000
48 54 -1.000000
48 55 1.000000
49 52 1.000000
49 53 1.000000
49 54 -1.000000
49 55 1.000000
50 52 1.000000
50 53 -1.000000
50 54 -1.000000
50 55 -1.000000
51 52 1.000000
51 53 -1.000000
51 54 1.000000
51 55 1.000000
56 60 1.000000
56 61 1.000000
56 62 1.000000
56 63 -1.000000
57 60 1.000000
57 61 -1.000000
57 62 1.000000
57 63 -1.000000
58 60 -1.000000
58 61 1.000000
58 62 -1.000000
58 63 -1.000000
59 60 1.000000
59 61 1.000000
59 62 1.000000
59 63 -1.000000
64 68 -1.000000
64 69 -1.000000
64 70 -1.000000
64 71 1.000000
65 68 -1.000000
65 69 -1.000000
65 70 1.000000
65 71 1.000000
66 68 1.000000
66 69 1.000000
66 70 -1.000000
66 71 1.000000
67 68 1.000000
67 69 -1.000000
67 70 -1.000000
67 71 1.000000
72 76 -1.000000
72 77 1.000000
72 78 1.000000
72 79 -1.000000
73 76 -1.000000
73 77 -1.000000
73 78 1.000000
73 79 -1.000000
74 76 -1.000000
74 77 -1.000000
74 78 1.000000
74 79 -1.000000
75 76 -1.000000
75 77 1.000000
75 78 -1.000000
75 79 1.000000
80 84 1.000000
80 85 -1.000000
80 86 1.000000
80 87 -1.000000
81 84 1.000000
81 85 -1.000000
81 86 -1.000000
81 87 1.000000
82 84 1.000000
82 85 1.000000
82 86 1.000000
82 87 1.000000
83 84 1.000000
83 85 1.000000
83 86 -1.000000
83 87 1.000000
88 92 1.000000
88 93 1.000000
88 94 1.000000
88 95 1.000000
89 92 -1.000000
89 93 -1.000000
89 94 1.000000
89 95 1.000000
90 92 1.000000
90 93 1.000000
90 94 -1.000000
90 95 1.000000
91 92 -1.000000
91 93 -1.000000
91 94 1.000000
91 95 1.000000
96 100 -1.000000
96 101 -1.000000
96 102 -1.000000
96 103 -1.000000
97 100 -1.000000
97 101 -1.000000
97 102 -1.000000
97 103 1.000000
98 100 1.000000
98 101 1.000000
98 102 -1.000000
98 103 1.000000
99 100 -1.000000
99 101 -1.000000
99 102 -1.000000
99 103 1.000000
104 108 -1.000000
104 109 -1.000000
104 110 -1.000000
104 111 -1.000000
105 108 1.000000
105 109 1.000000
105 110 -1.000000
105 111 -1.000000
106 108 1.000000
106 109 1.000000
106 110 1.000000
106 111 -1.000000
107 108 -1.000000
107 109 1.000000
107 110 -1.000000
107 111 1.000000
112 116 -1.000000
112 117 -1.000000
112 118 1.000000
112 119 1.000000
113 116 1.000000
113 117 1.000000
113 118 1.000000
113 119 1.000000
114 116 -1.000000
114 117 1.000000
114 118 -1.000000
114 119 1.000000
115 116 -1.000000
115 117 1.000000
115 118 -1.000000
115 119 1.000000
120 124 1.000000
120 125 1.000000
120 126 -1.000000
120 127 1.000000
121 124 -1.000000
121 125 1.000000
121 126 -1.000000
121 127 1.000000
122 124 -1.000000
122 125 -1.000000
122 126 1.000000
122 127 1.000000
123 124 1.000000
123 125 1.000000
123 126 -1.000000
123 127 -1.000000
128 132 -1.000000
128 133 1.000000
128 134 1.000000
128 135 -1.000000
129 132 1.000000
129 133 1.000000
129 134 1.000000
129 135 1.000000
130 132 -1.000000
130 133 -1.000000
130 134 -1.000000
130 135 -1.000000
131 132 1.000000
131 133 1.000000
131 134 1.000000
131 135 -1.000000
136 140 -1.000000
136 141 1.000000
136 142 -1.000000
136 143 -1.000000
137 140 1.000000
137 141 -1.000000
137 142 -1.000000
137 143 -1.000000
138 140 1.000000
138 141 1.000000
138 142 1.000000
138 143 1.000000
139 140 -1.000000
139 141 1.000000
139 142 1.000000
139 143 1.000000
144 148 -1.000000
144 149 -1.000000
144 150 -1.000000
144 151 1.000000
145 148 -1.000000
145 149 1.000000
145 150 1.000000
145 151 -1.000000
146 148 1.000000
146 149 1.000000
146 150 -1.000000
146 151 -1.000000
147 148 -1.000000
147 149 1.000000
147 150 -1.000000
147 151 -1.000000
152 156 1.000000
152 157 1.000000
152 158 1.000000
152 159 -1.000000
153 156 -1.000000
153 157 -1.000000
153 158 1.000000
153 159 1.000000
154 156 1.000000
154 157 1.000000
154 158 1.000000
154 159 1.000000
155 156 1.000000
155 157 1.000000
155 158 -1.000000
155 159 1.000000
160 164 -1.000000
160 165 1.000000
160 166 1.000000
160 167 1.000000
161 164 1.000000
161 165 1.000000
161 166 -1.000000
161 167 -1.000000
162 164 -1.000000
162 165 1.000000
162 166 1.000000
162 167 1.000000
163 164 1.000000
163 165 1.000000
163 166 1.000000
163 167 1.000000
168 172 -1.000000
168 173 1.000000
168 174 1.000000
168 175 -1.000000
169 172 1.000000
169 173 -1.000000
169 174 -1.000000
169 175 1.000000
170 172 1.000000
170 173 -1.000000
170 174 -1.000000
170 175 -1.000000
171 172 -1.000000
171 173 1.000000
171 174 1.000000
171 175 1.000000
176 180 -1.000000
176 181 1.000000
176 182 -1.000000
176 183 1.000000
177 180 1.000000
177 181 1.000000
177 182 1.000000
177 183 -1.000000
178 180 -1.000000
178 181 1.000000
178 182 1.000000
178 183 -1.000000
179 180 -1.000000
179 181 1.000000
179 182 -1.000000
179 183 1.000000
184 188 -1.000000
184 189 1.000000
184 190 -1.000000
184 191 -1.000000
185 188 1.000000
185 189 -1.000000
185 190 1.000000
185 191 -1.000000
186 188 -1.000000
186 189 1.000000
186 190 1.000000
186 191 -1.000000
187 188 -1.000000
187 189 1.000000
187 190 -1.000000
187 191 1.000000
192 196 1.000000
192 197 1.000000
192 198 -1.000000
192 199 -1.000000
193 196 -1.000000
193 197 1.000000
193 198 1.000000
193 199 -1.000000
194 196 -1.000000
194 197 1.000000
194 198 1.000000
194 199 1.000000
195 196 1.000000
195 197 -1.000000
195 198 1.000000
195 199 1.000000
200 204 -1.000000
200 205 1.000000
200 206 1.000000
200 207 -1.000000
201 204 -1.000000
201 205 -1.000000
201 206 1.000000
201 207 -1.000000
202 204 -1.000000
202 205 1.000000
202 206 1.000000
202 207 1.000000
203 204 1.000000
203 205 1.000000
203 206 -1.000000
203 207 1.000000
208 212 1.000000
208 213 1.000000
208 214 -1.000000
208 215 -1.000000
209 212 -1.000000
209 213 1.000000
209 214 1.000000
209 215 1.000000
210 212 -1.000000
210 213 1.000000
210 214 1.000000
210 215 -1.000000
211 212 1.000000
211 213 1.000000
211 214 -1.000000
211 215 -1.000000
216 220 -1.000000
216 221 1.000000
216 222 -1.000000
216 223 1.000000
217 220 -1.000000
217 221 -1.000000
217 222 -1.000000
217 223 1.000000
218 220 -1.000000
218 221 -1.000000
218 222 -1.000000
218 223 -1.000000
219 220 1.000000
219 221 1.000000
219 222 -1.000000
219 223 -1.000000
224 228 -1.000000
224 229 1.000000
224 230 -1.000000
224 231 -1.000000
225 228 -1.000000
225 229 1.000000
225 230 1.000000
225 231 1.000000
226 228 1.000000
226 229 1.000000
226 230 1.000000
226 231 1.000000
227 228 -1.000000
227 229 1.000000
227 230 1.000000
227 231 1.000000
232 236 -1.000000
232 237 1.000000
232 238 -1.000000
232 239 1.000000
233 236 -1.000000
233 237 -1.000000
233 238 1.000000
233 239 1.000000
234 236 1.000000
234 237 1.000000
234 238 1.000000
234 239 1.000000
235 236 -1.000000
235 237 -1.000000
235 238 1.000000
235 239 -1.000000
240 244 -1.000000
240 245 -1.000000
240 246 1.000000
240 247 -1.000000
241 244 -1.000000
241 245 1.000000
241 246 1.000000
241 247 1.000000
242 244 -1.000000
242 245 1.000000
242 246 1.000000
242 247 -1.000000
243 244 1.000000
243 245 1.000000
243 246 1.000000
243 247 -1.000000
248 252 1.000000
248 253 -1.000000
248 254 1.000000
248 255 1.000000
249 252 -1.000000
249 253 -1.000000
249 254 -1.000000
249 255 -1.000000
250 252 -1.000000
250 253 1.000000
250 254 -1.000000
250 255 -1.000000
251 252 1.000000
251 253 1.000000
251 254 1.000000
251 255 1.000000
256 260 1.000000
256 261 -1.000000
256 262 -1.000000
256 263 -1.000000
257 260 -1.000000
257 261 1.000000
257 262 -1.000000
257 263 1.000000
258 260 1.000000
258 261 1.000000
258 262 -1.000000
258 263 -1.000000
259 260 1.000000
259 261 1.000000
259 262 1.000000
259 263 -1.000000
264 268 1.000000
264 269 1.000000
264 270 -1.000000
264 271 -1.000000
265 268 1.000000
265 269 -1.000000
265 270 1.000000
265 271 -1.000000
266 268 -1.000000
266 269 1.000000
266 270 1.000000
266 271 -1.000000
267 268 -1.000000
267 269 1.000000
267 270 -1.000000
267 271 -1.000000
272 276 -1.000000
272 277 1.000000
272 278 1.000000
272 279 -1.000000
273 276 1.000000
273 277 -1.000000
273 278 -1.000000
273 279 -1.000000
274 276 1.000000
274 277 1.000000
274 278 -1.000000
274 279 -1.000000
275 276 -1.000000
275 277 -1.000000
275 278 1.000000
275 279 -1.000000
280 284 1.000000
280 285 -1.000000
280 286 1.000000
280 287 1.000000
281 284 -1.000000
281 285 -1.000000
281 286 1.000000
281 287 1.000000
282 284 1.000000
282 285 -1.000000
282 286 1.000000
282 287 1.000000
283 284 1.000000
283 285 -1.000000
283 286 1.000000
283 287 1.000000
288 292 -1.000000
288 293 -1.000000
288 294 -1.000000
288 295 1.000000
289 292 1.000000
289 293 1.000000
289 294 1.000000
289 295 1.000000
290 292 -1.000000
290 293 1.000000
290 294 1.000000
290 295 -1.000000
291 292 -1.000000
291 293 -1.000000
291 294 -1.000000
291 295 1.000000
296 300 -1.000000
296 301 -1.000000
296 302 -1.000000
296 303 1.000000
297 300 1.000000
297 301 -1.000000
297 302 -1.000000
297 303 1.000000
298 300 1.000000
298 301 1.000000
298 302 1.000000
298 303 1.000000
299 300 1.000000
299 301 -1.000000
299 302 -1.000000
299 303 1.000000
304 308 -1.000000
304 309 -1.000000
304 310 1.000000
304 311 -1.000000
305 308 -1.000000
305 309 -1.000000
305 310 1.000000
305 311 1.000000
306 308 -1.000000
306 309 1.000000
306 310 -1.000000
306 311 1.000000
307 308 -1.000000
307 309 -1.000000
307 310 -1.000000
307 311 1.000000
312 316 1.000000
312 317 1.000000
312 318 1.000000
312 319 -1.000000
313 316 1.000000
313 317 1.000000
313 318 -1.000000
313 319 1.000000
314 316 1.000000
314 317 -1.000000
314 318 -1.000000
314 319 1.000000
315 316 1.000000
315 317 1.000000
315 318 1.000000
315 319 -1.000000
320 324 -1.000000
320 325 1.000000
320 326 -1.000000
320 327 -1.000000
321 324 1.000000
321 325 1.000000
321 326 -1.000000
321 327 -1.000000
322 324 -1.000000
322 325 -1.000000
322 326 1.000000
322 327 1.000000
323 324 1.000000
323 325 -1.000000
323 326 1.000000
323 327 1.000000
328 332 1.000000
328 333 -1.000000
328 334 1.000000
328 335 -1.000000
329 332 1.000000
329 333 1.000000
329 334 -1.000000
329 335 -1.000000
330 332 1.000000
330 333 1.000000
330 334 -1.000000
330 335 1.000000
331 332 1.000000
331 333 -1.000000
331 334 1.000000
331 335 1.000000
336 340 -1.000000
336 341 1.000000
336 342 1.000000
336 343 1.000000
337 340 1.000000
337 341 -1.000000
337 342 -1.000000
337 343 1.000000
338 340 -1.000000
338 341 1.000000
338 342 -1.000000
338 343 -1.000000
339 340 -1.000000
339 341 -1.000000
339 342 1.000000
339 343 -1.000000
344 348 1.000000
344 349 1.000000
344 350 1.000000
344 351 1.000000
345 348 -1.000000
345 349 1.000000
345 350 1.000000
345 351 -1.000000
346 348 1.000000
346 349 1.000000
346 350 -1.000000
346 351 1.000000
347 348 1.000000
347 349 1.000000
347 350 -1.000000
347 351 1.000000
352 356 1.000000
352 357 -1.000000
352 358 1.000000
352 359 -1.000000
353 356 1.000000
353 357 -1.000000
353 358 1.000000
353 359 1.000000
354 356 -1.000000
354 357 -1.000000
354 358 -1.000000
354 359 -1.000000
355 356 -1.000000
355 357 1.000000
355 358 1.000000
355 359 -1.000000
360 364 -1.000000
360 365 -1.000000
360 366 -1.000000
360 367 1.000000
361 364 1.000000
361 365 -1.000000
361 366 -1.000000
361 367 1.000000
362 364 -1.000000
362 365 -1.000000
362 366 1.000000
362 367 1.000000
363 364 1.000000
363 365 1.000000
363 366 -1.000000
363 367 -1.000000
368 372 -1.000000
368 373 -1.000000
368 374 -1.000000
368 375 1.000000
369 372 1.000000
369 373 -1.000000
369 374 1.000000
369 375 1.000000
370 372 1.000000
370 373 -1.000000
370 374 1.000000
370 375 1.000000
371 372 1.000000
371 373 1.000000
371 374 1.000000
371 375 -1.000000
376 380 -1.000000
376 381 1.000000
376 382 -1.000000
376 383 -1.000000
377 380 -1.000000
377 381 1.000000
377 382 -1.000000
377 383 1.000000
378 380 -1.000000
378 381 -1.000000
378 382 1.000000
378 383 1.000000
379 380 1.000000
379 381 -1.000000
379 382 -1.000000
379 383 -1.000000
384 388 -1.000000
384 389 -1.000000
384 390 1.000000
384 391 1.000000
385 388 1.000000
385 389 1.000000
385 390 1.000000
385 391 -1.000000
386 388 1.000000
386 389 -1.000000
386 390 -1.000000
386 391 1.000000
387 388 1.000000
387 389 1.000000
387 390 1.000000
387 391 1.000000
392 396 1.000000
392 397 -1.000000
392 398 1.000000
392 399 -1.000000
393 396 -1.000000
393 397 1.000000
393 398 1.000000
393 399 1.000000
394 396 1.000000
394 397 1.000000
394 398 -1.000000
394 399 1.000000
395 396 1.000000
395 397 -1.000000
395 398 -1.000000
395 399 1.000000
400 404 -1.000000
400 405 -1.000000
400 406 1.000000
400 407 -1.000000
401 404 1.000000
401 405 1.000000
401 406 1.000000
401 407 -1.000000
402 404 -1.000000
402 405 -1.000000
402 406 1.000000
402 407 -1.000000
403 404 -1.000000
403 405 -1.000000
403 406 1.000000
403 407 1.000000
408 412 -1.000000
408 413 1.000000
408 414 1.000000
408 415 1.000000
409 412 -1.000000
409 413 -1.000000
409 414 -1.000000
409 415 -1.000000
410 412 -1.000000
410 413 1.000000
410 414 -1.000000
410 415 -1.000000
411 412 -1.000000
411 413 -1.000000
411 414 1.000000
411 415 1.000000
416 420 1.000000
416 421 -1.000000
416 422 1.000000
416 423 1.000000
417 420 1.000000
417 421 1.000000
417 422 -1.000000
417 423 -1.000000
418 420 -1.000000
418 421 1.000000
418 422 1.000000
418 423 -1.000000
419 420 -1.000000
419 421 -1.000000
419 422 -1.000000
419 423 -1.000000
424 428 1.000000
424 429 1.000000
424 430 -1.000000
424 431 -1.000000
425 428 -1.000000
425 429 -1.000000
425 430 1.000000
425 431 1.000000
426 428 -1.000000
426 429 -1.000000
426 430 -1.000000
426 431 -1.000000
427 428 1.000000
427 429 -1.000000
427 430 -1.000000
427 431 -1.000000
432 436 1.000000
432 437 -1.000000
432 438 -1.000000
432 439 -1.000000
433 436 1.000000
433 437 1.000000
433 438 -1.000000
433 439 1.000000
434 436 1.000000
434 437 1.000000
434 438 -1.000000
434 439 1.000000
435 436 -1.000000
435 437 1.000000
435 438 -1.000000
435 439 1.000000
440 444 -1.000000
440 445 1.000000
440 446 1.000000
440 447 1.000000
441 444 1.000000
441 445 -1.000000
441 446 -1.000000
441 447 -1.000000
442 444 -1.000000
442 445 -1.000000
442 446 1.000000
442 447 1.000000
443 444 1.000000
443 445 1.000000
443 446 -1.000000
443 447 1.000000
448 452 -1.000000
448 453 1.000000
448 454 -1.000000
448 455 1.000000
449 452 -1.000000
449 453 1.000000
449 454 -1.000000
449 455 -1.000000
450 452 -1.000000
450 453 1.000000
450 454 -1.000000
450 455 1.000000
451 452 1.000000
451 453 1.000000
451 454 1.000000
451 455 -1.000000
456 460 1.000000
456 461 -1.000000
456 462 1.000000
456 463 -1.000000
457 460 -1.000000
457 461 1.000000
457 462 -1.000000
457 463 -1.000000
458 460 -1.000000
458 461 1.000000
458 462 -1.000000
458 463 -1.000000
459 460 1.000000
459 461 1.000000
459 462 -1.000000
459 463 -1.000000
464 468 -1.000000
464 469 -1.000000
464 470 1.000000
464 471 -1.000000
465 468 1.000000
465 469 1.000000
465 470 1.000000
465 471 1.000000
466 468 -1.000000
466 469 1.000000
466 470 1.000000
466 471 -1.000000
467 468 -1.000000
467 469 -1.000000
467 470 -1.000000
467 471 -1.000000
472 476 1.000000
472 477 1.000000
472 478 1.000000
472 479 -1.000000
473 476 -1.000000
473 477 1.000000
473 478 -1.000000
473 479 -1.000000
474 476 1.000000
474 477 -1.000000
474 478 -1.000000
474 479 -1.000000
475 476 1.000000
475 477 -1.000000
475 478 1.000000
475 479 1.000000
480 484 1.000000
480 485 -1.000000
480 486 1.000000
480 487 1.000000
481 484 -1.000000
481 485 1.000000
481 486 1.000000
481 487 -1.000000
482 484 -1.000000
482 485 -1.000000
482 486 1.000000
482 487 -1.000000
483 484 -1.000000
483 485 -1.000000
483 486 1.000000
483 487 1.000000
488 492 -1.000000
488 493 -1.000000
488 494 1.000000
488 495 -1.000000
489 492 -1.000000
489 493 -1.000000
489 494 1.000000
489 495 1.000000
490 492 -1.000000
490 493 1.000000
490 494 1.000000
490 495 -1.000000
491 492 -1.000000
491 493 1.000000
491 494 1.000000
491 495 1.000000
496 500 1.000000
496 501 1.000000
496 502 1.000000
496 503 1.000000
497 500 1.000000
497 501 -1.000000
497 502 -1.000000
497 503 -1.000000
498 500 -1.000000
498 501 -1.000000
498 502 1.000000
498 503 -1.000000
499 500 1.000000
499 501 -1.000000
499 502 -1.000000
499 503 -1.000000
504 508 -1.000000
504 509 1.000000
504 510 1.000000
504 511 -1.000000
505 508 1.000000
505 509 -1.000000
505 510 1.000000
505 511 -1.000000
506 508 -1.000000
506 509 -1.000000
506 510 1.000000
506 511 -1.000000
507 508 1.000000
507 509 1.000000
507 510 1.000000
507 511 1.000000
512 516 -1.000000
512 517 1.000000
512 518 -1.000000
512 519 1.000000
513 516 -1.000000
513 517 -1.000000
513 518 -1.000000
513 519 1.000000
514 516 1.000000
514 517 1.000000
514 518 -1.000000
514 519 -1.000000
515 516 1.000000
515 517 1.000000
515 518 -1.000000
515 519 -1.000000
520 524 1.000000
520 525 -1.000000
520 526 -1.000000
520 527 1.000000
521 524 -1.000000
521 525 -1.000000
521 526 -1.000000
521 527 1.000000
522 524 -1.000000
522 525 1.000000
522 526 -1.000000
522 527 -1.000000
523 524 1.000000
523 525 -1.000000
523 526 -1.000000
523 527 -1.000000
528 532 1.000000
528 533 -1.000000
528 534 1.000000
528 535 -1.000000
529 532 1.000000
529 533 1.000000
529 534 1.000000
529 535 -1.000000
530 532 1.000000
530 533 -1.000000
530 534 1.000000
530 535 -1.000000
531 532 -1.000000
531 533 1.000000
531 534 -1.000000
531 535 1.000000
536 540 1.000000
536 541 1.000000
536 542 -1.000000
536 543 1.000000
537 540 1.000000
537 541 1.000000
537 542 1.000000
537 543 1.000000
538 540 1.000000
538 541 1.000000
538 542 1.000000
538 543 -1.000000
539 540 -1.000000
539 541 -1.000000
539 542 1.000000
539 543 -1.000000
544 548 1.000000
544 549 -1.000000
544 550 -1.000000
544 551 1.000000
545 548 -1.000000
545 549 1.000000
545 550 1.000000
545 551 1.000000
546 548 -1.000000
546 549 -1.000000
546 550 1.000000
546 551 1.000000
547 548 -1.000000
547 549 -1.000000
547 550 -1.000000
547 551 -1.000000
552 556 1.000000
552 557 1.000000
552 558 -1.000000
552 559 -1.000000
553 556 -1.000000
553 557 1.000000
553 558 1.000000
553 559 -1.000000
554 556 -1.000000
554 557 1.000000
554 558 1.000000
554 559 1.000000
555 556 1.000000
555 557 1.000000
555 558 1.000000
555 559 -1.000000
560 564 1.000000
560 565 1.000000
560 566 -1.000000
560 567 1.000000
561 564 -1.000000
561 565 -1.000000
561 566 -1.000000
561 567 1.000000
562 564 -1.000000
562 565 -1.000000
562 566 1.000000
562 567 1.000000
563 564 -1.000000
563 565 1.000000
563 566 1.000000
563 567 1.000000
568 572 -1.000000
568 573 -1.000000
568 574 1.000000
568 575 1.000000
569 572 -1.000000
569 573 -1.000000
569 574 -1.000000
569 575 1.000000
570 572 1.000000
570 573 -1.000000
570 574 -1.000000
570 575 1.000000
571 572 1.000000
571 573 1.000000
571 574 1.000000
571 575 -1.000000
576 580 -1.000000
576 581 -1.000000
576 582 -1.000000
576 583 -1.000000
577 580 1.000000
577 581 -1.000000
577 582 -1.000000
577 583 -1.000000
578 580 -1.000000
578 581 -1.000000
578 582 1.000000
578 583 -1.000000
579 580 -1.000000
579 581 -1.000000
579 582 1.000000
579 583 1.000000
584 588 1.000000
584 589 -1.000000
584 590 1.000000
584 591 1.000000
585 588 1.000000
585 589 -1.000000
585 590 1.000000
585 591 1.000000
586 588 -1.000000
586 589 -1.000000
586 590 -1.000000
586 591 1.000000
587 588 -1.000000
587 589 -1.000000
587 590 1.000000
587 591 1.000000
592 596 1.000000
592 597 1.000000
592 598 -1.000000
592 599 1.000000
593 596 -1.000000
593 597 -1.000000
593 598 1.000000
593 599 -1.000000
594 596 -1.000000
594 597 -1.000000
594 598 1.000000
594 599 1.000000
595 596 -1.000000
595 597 -1.000000
595 598 1.000000
595 599 -1.000000
600 604 1.000000
600 605 1.000000
600 606 -1.000000
600 607 -1.000000
601 604 -1.000000
601 605 1.000000
601 606 -1.000000
601 607 1.000000
602 604 -1.000000
602 605 1.000000
602 606 1.000000
602 607 -1.000000
603 604 -1.000000
603 605 -1.000000
603 606 -1.000000
603 607 -1.000000
608 612 -1.000000
608 613 -1.000000
608 614 -1.000000
608 615 1.000000
609 612 1.000000
609 613 1.000000
609 614 1.000000
609 615 1.000000
610 612 -1.000000
610 613 1.000000
610 614 -1.000000
610 615 -1.000000
611 612 -1.000000
611 613 -1.000000
611 614 -1.000000
611 615 -1.000000
616 620 1.000000
616 621 -1.000000
616 622 1.000000
616 623 1.000000
617 620 -1.000000
617 621 1.000000
617 622 -1.000000
617 623 1.000000
618 620 -1.000000
618 621 1.000000
618 622 1.000000
618 623 -1.000000
619 620 1.000000
619 621 1.000000
619 622 -1.000000
619 623 -1.000000
624 628 -1.000000
624 629 -1.000000
624 630 -1.000000
624 631 -1.000000
625 628 1.000000
625 629 -1.000000
625 630 1.000000
625 631 -1.000000
626 628 1.000000
626 629 1.000000
626 630 -1.000000
626 631 -1.000000
627 628 -1.000000
627 629 1.000000
627 630 1.000000
627 631 -1.000000
632 636 -1.000000
632 637 1.000000
632 638 1.000000
632 639 -1.000000
633 636 -1.000000
633 637 -1.000000
633 638 1.000000
633 639 -1.000000
634 636 -1.000000
634 637 1.000000
634 638 -1.000000
634 639 -1.000000
635 636 1.000000
635 637 1.000000
635 638 -1.000000
635 639 1.000000
640 644 -1.000000
640 645 -1.000000
640 646 1.000000
640 647 -1.000000
641 644 1.000000
641 645 -1.000000
641 646 -1.000000
641 647 1.000000
642 644 1.000000
642 645 1.000000
642 646 -1.000000
642 647 -1.000000
643 644 -1.000000
643 645 1.000000
643 646 -1.000000
643 647 1.000000
648 652 1.000000
648 653 -1.000000
648 654 -1.000000
648 655 1.000000
649 652 -1.000000
649 653 1.000000
649 654 1.000000
649 655 1.000000
650 652 1.000000
650 653 -1.000000
650 654 1.000000
650 655 -1.000000
651 652 1.000000
651 653 1.000000
651 654 1.000000
651 655 -1.000000
656 660 -1.000000
656 661 1.000000
656 662 -1.000000
656 663 -1.000000
657 660 -1.000000
657 661 -1.000000
657 662 -1.000000
657 663 -1.000000
658 660 1.000000
658 661 -1.000000
658 662 -1.000000
658 663 1.000000
659 660 1.000000
659 661 1.000000
659 662 1.000000
659 663 1.000000
664 668 1.000000
664 669 -1.000000
664 670 -1.000000
664 671 1.000000
665 668 -1.000000
665 669 -1.000000
665 670 1.000000
665 671 1.000000
666 668 1.000000
666 669 1.000000
666 670 1.000000
666 671 1.000000
667 668 1.000000
667 669 -1.000000
667 670 1.000000
667 671 -1.000000
672 676 1.000000
672 677 1.000000
672 678 1.000000
672 679 1.000000
673 676 -1.000000
673 677 1.000000
673 678 1.000000
673 679 1.000000
674 676 1.000000
674 677 -1.000000
674 678 1.000000
674 679 -1.000000
675 676 -1.000000
675 677 1.000000
675 678 -1.000000
675 679 -1.000000
680 684 -1.000000
680 685 -1.000000
680 686 -1.000000
680 687 -1.000000
681 684 -1.000000
681 685 1.000000
681 686 1.000000
681 687 1.000000
682 684 1.000000
682 685 -1.000000
682 686 -1.000000
682 687 1.000000
683 684 1.000000
683 685 -1.000000
683 686 -1.000000
683 687 1.000000
688 692 1.000000
688 693 -1.000000
688 694 1.000000
688 695 -1.000000
689 692 -1.000000
689 693 -1.000000
689 694 -1.000000
689 695 -1.000000
690 692 -1.000000
690 693 -1.000000
690 694 1.000000
690 695 -1.000000
691 692 -1.000000
691 693 -1.000000
691 694 -1.000000
691 695 1.000000
696 700 -1.000000
696 701 -1.000000
696 702 1.000000
696 703 1.000000
697 700 -1.000000
697 701 1.000000
697 702 -1.000000
697 703 -1.000000
698 700 1.000000
698 701 -1.000000
698 702 -1.000000
698 703 1.000000
699 700 1.000000
699 701 1.000000
699 702 -1.000000
699 703 -1.000000
704 708 -1.000000
704 709 -1.000000
704 710 1.000000
704 711 1.000000
705 708 -1.000000
705 709 -1.000000
705 710 -1.000000
705 711 -1.000000
706 708 1.000000
706 709 -1.000000
706 710 -1.000000
706 711 -1.000000
707 708 -1.000000
707 709 1.000000
707 710 -1.000000
707 711 -1.000000
712 716 1.000000
712 717 -1.000000
712 718 1.000000
712 719 -1.000000
713 716 1.000000
713 717 1.000000
713 718 -1.000000
713 719 1.000000
714 716 1.000000
714 717 -1.000000
714 718 -1.000000
714 719 1.000000
715 716 -1.000000
715 717 -1.000000
715 718 1.000000
715 719 -1.000000
720 724 -1.000000
720 725 -1.000000
720 726 1.000000
720 727 -1.000000
721 724 -1.000000
721 725 1.000000
721 726 -1.000000
721 727 1.000000
722 724 -1.000000
722 725 -1.000000
722 726 1.000000
722 727 1.000000
723 724 1.000000
723 725 1.000000
723 726 -1.000000
723 727 -1.000000
728 732 -1.000000
728 733 1.000000
728 734 1.000000
728 735 1.000000
729 732 -1.000000
729 733 -1.000000
729 734 -1.000000
729 735 1.000000
730 732 -1.000000
730 733 1.000000
730 734 -1.000000
730 735 1.000000
731 732 1.000000
731 733 1.000000
731 734 1.000000
731 735 -1.000000
736 740 1.000000
736 741 1.000000
736 742 1.000000
736 743 -1.000000
737 740 -1.000000
737 741 -1.000000
737 742 -1.000000
737 743 1.000000
738 740 -1.000000
738 741 -1.000000
738 742 -1.000000
738 743 1.000000
739 740 1.000000
739 741 -1.000000
739 742 1.000000
739 743 1.000000
744 748 -1.000000
744 749 1.000000
744 750 1.000000
744 751 -1.000000
745 748 1.000000
745 749 1.000000
745 750 -1.000000
745 751 -1.000000
746 748 1.000000
746 749 -1.000000
746 750 -1.000000
746 751 1.000000
747 748 1.000000
747 749 1.000000
747 750 -1.000000
747 751 1.000000
752 756 -1.000000
752 757 -1.000000
752 758 1.000000
752 759 1.000000
753 756 1.000000
753 757 -1.000000
753 758 1.000000
753 759 -1.000000
754 756 -1.000000
754 757 1.000000
754 758 -1.000000
754 759 -1.000000
755 756 -1.000000
755 757 -1.000000
755 758 1.000000
755 759 1.000000
760 764 1.000000
760 765 -1.000000
760 766 -1.000000
760 767 -1.000000
761 764 -1.000000
761 765 -1.000000
761 766 -1.000000
761 767 1.000000
762 764 1.000000
762 765 -1.000000
762 766 -1.000000
762 767 -1.000000
763 764 -1.000000
763 765 1.000000
763 766 1.000000
763 767 -1.000000
768 772 1.000000
768 773 -1.000000
768 774 1.000000
768 775 -1.000000
769 772 1.000000
769 773 1.000000
769 774 1.000000
769 775 1.000000
770 772 1.000000
770 773 1.000000
770 774 1.000000
770 775 -1.000000
771 772 -1.000000
771 773 1.000000
771 774 1.000000
771 775 -1.000000
776 780 1.000000
776 781 -1.000000
776 782 -1.000000
776 783 1.000000
777 780 1.000000
777 781 1.000000
777 782 1.000000
777 783 1.000000
778 780 1.000000
778 781 -1.000000
778 782 1.000000
778 783 1.000000
779 780 1.000000
779 781 1.000000
779 782 -1.000000
779 783 -1.000000
784 788 1.000000
784 789 1.000000
784 790 1.000000
784 791 -1.000000
785 788 1.000000
785 789 1.000000
785 790 -1.000000
785 791 1.000000
786 788 -1.000000
786 789 1.000000
786 790 1.000000
786 791 -1.000000
787 788 -1.000000
787 789 -1.000000
787 790 -1.000000
787 791 -1.000000
792 796 1.000000
792 797 -1.000000
792 798 1.000000
792 799 -1.000000
793 796 -1.000000
793 797 1.000000
793 798 1.000000
793 799 1.000000
794 796 1.000000
794 797 -1.000000
794 798 -1.000000
794 799 -1.000000
795 796 -1.000000
795 797 1.000000
795 798 -1.000000
795 799 1.000000
800 804 -1.000000
800 805 1.000000
800 806 -1.000000
800 807 1.000000
801 804 -1.000000
801 805 1.000000
801 806 -1.000000
801 807 -1.000000
802 804 -1.000000
802 805 1.000000
802 806 -1.000000
802 807 1.000000
803 804 1.000000
803 805 1.000000
803 806 -1.000000
803 807 1.000000
808 812 -1.000000
808 813 1.000000
808 814 1.000000
808 815 1.000000
809 812 1.000000
809 813 -1.000000
809 814 1.000000
809 815 1.000000
810 812 -1.000000
810 813 -1.000000
810 814 -1.000000
810 815 1.000000
811 812 1.000000
811 813 -1.000000
811 814 -1.000000
811 815 -1.000000
816 820 -1.000000
816 821 1.000000
816 822 1.000000
816 823 -1.000000
817 820 -1.000000
817 821 -1.000000
817 822 -1.000000
817 823 1.000000
818 820 1.000000
818 821 1.000000
818 822 -1.000000
818 823 1.000000
819 820 1.000000
819 821 1.000000
819 822 1.000000
819 823 -1.000000
824 828 -1.000000
824 829 1.000000
824 830 1.000000
824 831 1.000000
825 828 -1.000000
825 829 1.000000
825 830 -1.000000
825 831 1.000000
826 828 1.000000
826 829 -1.000000
826 830 -1.000000
826 831 -1.000000
827 828 1.000000
827 829 1.000000
827 830 -1.000000
827 831 -1.000000
832 836 -1.000000
832 837 1.000000
832 838 -1.000000
832 839 1.000000
833 836 -1.000000
833 837 1.000000
833 838 -1.000000
833 839 1.000000
834 836 -1.000000
834 837 -1.000000
834 838 -1.000000
834 839 -1.000000
835 836 -1.000000
835 837 -1.000000
835 838 1.000000
835 839 -1.000000
840 844 1.000000
840 845 1.000000
840 846 -1.000000
840 847 -1.000000
841 844 -1.000000
841 845 1.000000
841 846 1.000000
841 847 1.000000
842 844 -1.000000
842 845 1.000000
842 846 -1.000000
842 847 -1.000000
843 844 -1.000000
843 845 1.000000
843 846 -1.000000
843 847 1.000000
848 852 1.000000
848 853 -1.000000
848 854 1.000000
848 855 1.000000
849 852 1.000000
849 853 -1.000000
849 854 1.000000
849 855 1.000000
850 852 1.000000
850 853 -1.000000
850 854 1.000000
850 855 -1.000000
851 852 -1.000000
851 853 -1.000000
851 854 -1.000000
851 855 1.000000
856 860 1.000000
856 861 -1.000000
856 862 -1.000000
856 863 -1.000000
857 860 -1.000000
857 861 -1.000000
857 862 1.000000
857 863 1.000000
858 860 -1.000000
858 861 -1.000000
858 862 1.000000
858 863 -1.000000
859 860 1.000000
859 861 1.000000
859 862 1.000000
859 863 1.000000
864 868 1.000000
864 869 -1.000000
864 870 1.000000
864 871 1.000000
865 868 -1.000000
865 869 1.000000
865 870 -1.000000
865 871 1.000000
866 868 1.000000
866 869 -1.000000
866 870 1.000000
866 871 1.000000
867 868 -1.000000
867 869 -1.000000
867 870 -1.000000
867 871 1.000000
872 876 -1.000000
872 877 1.000000
872 878 -1.000000
872 879 -1.000000
873 876 1.000000
873 877 1.000000
873 878 -1.000000
873 879 1.000000
874 876 -1.000000
874 877 -1.000000
874 878 -1.000000
874 879 -1.000000
875 876 -1.000000
875 877 1.000000
875 878 1.000000
875 879 -1.000000
880 884 -1.000000
880 885 -1.000000
880 886 -1.000000
880 887 1.000000
881 884 1.000000
881 885 -1.000000
881 886 1.000000
881 887 1.000000
882 884 -1.000000
882 885 -1.000000
882 886 -1.000000
882 887 1.000000
883 884 1.000000
883 885 1.000000
883 886 1.000000
883 887 -1.000000
888 892 1.000000
888 893 -1.000000
888 894 -1.000000
888 895 -1.000000
889 892 1.000000
889 893 1.000000
889 894 1.000000
889 895 1.000000
890 892 1.000000
890 893 -1.000000
890 894 1.000000
890 895 -1.000000
891 892 1.000000
891 893 1.000000
891 894 1.000000
891 895 -1.000000
896 900 -1.000000
896 901 -1.000000
896 902 1.000000
896 903 -1.000000
897 900 -1.000000
897 901 1.000000
897 902 -1.000000
897 903 1.000000
898 900 1.000000
898 901 -1.000000
898 902 1.000000
898 903 1.000000
899 900 -1.000000
899 901 1.000000
899 902 -1.000000
899 903 1.000000
904 908 1.000000
904 909 -1.000000
904 910 -1.000000
904 911 -1.000000
905 908 1.000000
905 909 -1.000000
905 910 -1.000000
905 911 1.000000
906 908 1.000000
906 909 1.000000
906 910 -1.000000
906 911 1.000000
907 908 1.000000
907 909 1.000000
907 910 1.000000
907 911 1.000000
912 916 -1.000000
912 917 -1.000000
912 918 -1.000000
912 919 -1.000000
913 916 -1.000000
913 917 1.000000
913 918 -1.000000
913 919 1.000000
914 916 -1.000000
914 917 1.000000
914 918 -1.000000
914 919 -1.000000
915 916 -1.000000
915 917 -1.000000
915 918 1.000000
915 919 1.000000
920 924 1.000000
920 925 1.000000
920 926 -1.000000
920 927 1.000000
921 924 1.000000
921 925 1.000000
921 926 -1.000000
921 927 -1.000000
922 924 -1.000000
922 925 -1.000000
922 926 -1.000000
922 927 -1.000000
923 924 1.000000
923 925 -1.000000
923 926 -1.000000
923 927 1.000000
928 932 1.000000
928 933 1.000000
928 934 1.000000
928 935 -1.000000
929 932 -1.000000
929 933 -1.000000
929 934 -1.000000
929 935 1.000000
930 932 -1.000000
930 933 1.000000
930 934 -1.000000
930 935 -1.000000
931 932 1.000000
931 933 -1.000000
931 934 -1.000000
931 935 1.000000
936 940 1.000000
936 941 1.000000
936 942 -1.000000
936 943 1.000000
937 940 1.000000
937 941 -1.000000
937 942 1.000000
937 943 1.000000
938 940 1.000000
938 941 1.000000
938 942 1.000000
938 943 -1.000000
939 940 1.000000
939 941 1.000000
939 942 -1.000000
939 943 -1.000000
944 948 -1.000000
944 949 -1.000000
944 950 1.000000
944 951 -1.000000
945 948 -1.000000
945 949 1.000000
945 950 -1.000000
945 951 -1.000000
946 948 1.000000
946 949 -1.000000
946 950 -1.000000
946 951 -1.000000
947 948 -1.000000
947 949 1.000000
947 950 -1.000000
947 951 -1.000000
952 956 1.000000
952 957 1.000000
952 958 -1.000000
952 959 -1.000000
953 956 1.000000
953 957 1.000000
953 958 1.000000
953 959 1.000000
954 956 -1.000000
954 957 1.000000
954 958 -1.000000
954 959 1.000000
955 956 -1.000000
955 957 1.000000
955 958 -1.000000
955 959 1.000000
960 964 -1.000000
960 965 1.000000
960 966 1.000000
960 967 -1.000000
961 964 -1.000000
961 965 1.000000
961 966 -1.000000
961 967 1.000000
962 964 -1.000000
962 965 -1.000000
962 966 -1.000000
962 967 1.000000
963 964 -1.000000
963 965 1.000000
963 966 1.000000
963 967 -1.000000
968 972 1.000000
968 973 1.000000
968 974 1.000000
968 975 -1.000000
969 972 -1.000000
969 973 -1.000000
969 974 -1.000000
969 975 -1.000000
970 972 1.000000
970 973 1.000000
970 974 1.000000
970 975 -1.000000
971 972 -1.000000
971 973 1.000000
971 974 -1.000000
971 975 1.000000
976 980 1.000000
976 981 -1.000000
976 982 1.000000
976 983 1.000000
977 980 -1.000000
977 981 1.000000
977 982 -1.000000
977 983 1.000000
978 980 1.000000
978 981 1.000000
978 982 -1.000000
978 983 1.000000
979 980 1.000000
979 981 -1.000000
979 982 1.000000
979 983 1.000000
984 988 -1.000000
984 989 -1.000000
984 990 1.000000
984 991 1.000000
985 988 -1.000000
985 989 1.000000
985 990 -1.000000
985 991 1.000000
986 988 1.000000
986 989 -1.000000
986 990 1.000000
986 991 -1.000000
987 988 1.000000
987 989 -1.000000
987 990 1.000000
987 991 -1.000000
992 996 -1.000000
992 997 1.000000
992 998 1.000000
992 999 1.000000
993 996 -1.000000
993 997 1.000000
993 998 1.000000
993 999 -1.000000
994 996 1.000000
994 997 1.000000
994 998 -1.000000
994 999 1.000000
995 996 1.000000
995 997 -1.000000
995 998 -1.000000
995 999 -1.000000
1000 1004 -1.000000
1000 1005 1.000000
1000 1006 1.000000
1000 1007 -1.000000
1001 1004 1.000000
1001 1005 -1.000000
1001 1006 -1.000000
1001 1007 -1.000000
1002 1004 1.000000
1002 1005 -1.000000
1002 1006 1.000000
1002 1007 -1.000000
1003 1004 -1.000000
1003 1005 -1.000000
1003 1006 1.000000
1003 1007 -1.000000
1008 1012 -1.000000
1008 1013 1.000000
1008 1014 -1.000000
1008 1015 1.000000
1009 1012 1.000000
1009 1013 -1.000000
1009 1014 -1.000000
1009 1015 1.000000
1010 1012 1.000000
1010 1013 -1.000000
1010 1014 -1.000000
1010 1015 1.000000
1011 1012 -1.000000
1011 1013 -1.000000
1011 1014 -1.000000
1011 1015 1.000000
1016 1020 1.000000
1016 1021 1.000000
1016 1022 1.000000
1016 1023 -1.000000
1017 1020 1.000000
1017 1021 -1.000000
1017 1022 1.000000
1017 1023 1.000000
1018 1020 -1.000000
1018 1021 1.000000
1018 1022 -1.000000
1018 1023 -1.000000
1019 1020 -1.000000
1019 1021 -1.000000
1019 1022 -1.000000
1019 1023 -1.000000
1024 1028 -1.000000
1024 1029 1.000000
1024 1030 -1.000000
1024 1031 -1.000000
1025 1028 -1.000000
1025 1029 1.000000
1025 1030 1.000000
1025 1031 -1.000000
1026 1028 1.000000
1026 1029 1.000000
1026 1030 1.000000
1026 1031 -1.000000
1027 1028 1.000000
1027 1029 1.000000
1027 1030 -1.000000
1027 1031 -1.000000
1032 1036 1.000000
1032 1037 -1.000000
1032 1038 1.000000
1032 1039 1.000000
1033 1036 -1.000000
1033 1037 1.000000
1033 1038 -1.000000
1033 1039 -1.000000
1034 1036 -1.000000
1034 1037 1.000000
1034 1038 -1.000000
1034 1039 1.000000
1035 1036 -1.000000
1035 1037 -1.000000
1035 1038 -1.000000
1035 1039 1.000000
1040 1044 -1.000000
1040 1045 -1.000000
1040 1046 1.000000
1040 1047 1.000000
1041 1044 1.000000
1041 1045 -1.000000
1041 1046 1.000000
1041 1047 1.000000
1042 1044 1.000000
1042 1045 1.000000
1042 1046 -1.000000
1042 1047 -1.000000
1043 1044 -1.000000
1043 1045 1.000000
1043 1046 -1.000000
1043 1047 1.000000
1048 1052 1.000000
1048 1053 1.000000
1048 1054 1.000000
1048 1055 1.000000
1049 1052 1.000000
1049 1053 -1.000000
1049 1054 1.000000
1049 1055 -1.000000
1050 1052 -1.000000
1050 1053 1.000000
1050 1054 1.000000
1050 1055 1.000000
1051 1052 1.000000
1051 1053 -1.000000
1051 1054 1.000000
1051 1055 1.000000
1056 1060 1.000000
1056 1061 1.000000
1056 1062 -1.000000
1056 1063 -1.000000
1057 1060 -1.000000
1057 1061 -1.000000
1057 1062 -1.000000
1057 1063 -1.000000
1058 1060 1.000000
1058 1061 -1.000000
1058 1062 1.000000
1058 1063 1.000000
1059 1060 1.000000
1059 1061 1.000000
1059 1062 1.000000
1059 1063 1.000000
1064 1068 -1.000000
1064 1069 1.000000
1064 1070 -1.000000
1064 1071 -1.000000
1065 1068 -1.000000
1065 1069 -1.000000
1065 1070 -1.000000
1065 1071 -1.000000
1066 1068 1.000000
1066 1069 1.000000
1066 1070 -1.000000
1066 1071 1.000000
1067 1068 -1.000000
1067 1069 -1.000000
1067 1070 -1.000000
1067 1071 1.000000
1072 1076 -1.000000
1072 1077 1.000000
1072 1078 -1.000000
1072 1079 1.000000
1073 1076 1.000000
1073 1077 -1.000000
1073 1078 -1.000000
1073 1079 -1.000000
1074 1076 1.000000
1074 1077 -1.000000
1074 1078 1.000000
1074 1079 1.000000
1075 1076 -1.000000
1075 1077 -1.000000
1075 1078 -1.000000
1075 1079 1.000000
1080 1084 1.000000
1080 1085 1.000000
1080 1086 1.000000
1080 1087 -1.000000
1081 1084 -1.000000
1081 1085 1.000000
1081 1086 1.000000
1081 1087 -1.000000
1082 1084 -1.000000
1082 1085 1.000000
1082 1086 1.000000
1082 1087 1.000000
1083 1084 1.000000
1083 1085 -1.000000
1083 1086 1.000000
1083 1087 1.000000
1088 1092 1.000000
1088 1093 -1.000000
1088 1094 1.000000
1088 1095 -1.000000
1089 1092 -1.000000
1089 1093 1.000000
1089 1094 -1.000000
1089 1095 1.000000
1090 1092 1.000000
1090 1093 1.000000
1090 1094 1.000000
1090 1095 -1.000000
1091 1092 -1.000000
1091 1093 1.000000
1091 1094 1.000000
1091 1095 -1.000000
1096 1100 -1.000000
1096 1101 -1.000000
1096 1102 -1.000000
1096 1103 -1.000000
1097 1100 1.000000
1097 1101 -1.000000
1097 1102 1.000000
1097 1103 1.000000
1098 1100 -1.000000
1098 1101 -1.000000
1098 1102 1.000000
1098 1103 1.000000
1099 1100 1.000000
1099 1101 1.000000
1099 1102 -1.000000
1099 1103 1.000000
1104 1108 1.000000
1104 1109 -1.000000
1104 1110 -1.000000
1104 1111 1.000000
1105 1108 -1.000000
1105 1109 1.000000
1105 1110 1.000000
1105 1111 1.000000
1106 1108 1.000000
1106 1109 1.000000
1106 1110 1.000000
1106 1111 -1.000000
1107 1108 -1.000000
1107 1109 1.000000
1107 1110 -1.000000
1107 1111 1.000000
1112 1116 1.000000
1112 1117 -1.000000
1112 1118 1.000000
1112 1119 1.000000
1113 1116 1.000000
1113 1117 -1.000000
1113 1118 -1.000000
1113 1119 -1.000000
1114 1116 -1.000000
1114 1117 1.000000
1114 1118 -1.000000
1114 1119 -1.000000
1115 1116 1.000000
1115 1117 1.000000
1115 1118 1.000000
1115 1119 1.000000
1120 1124 1.000000
1120 1125 -1.000000
1120 1126 1.000000
1120 1127 -1.000000
1121 1124 1.000000
1121 1125 1.000000
1121 1126 1.000000
1121 1127 1.000000
1122 1124 1.000000
1122 1125 1.000000
1122 1126 -1.000000
1122 1127 1.000000
1123 1124 -1.000000
1123 1125 -1.000000
1123 1126 -1.000000
1123 1127 1.000000
1128 1132 1.000000
1128 1133 -1.000000
1128 1134 -1.000000
1128 1135 1.000000
1129 1132 1.000000
1129 1133 1.000000
1129 1134 -1.000000
1129 1135 -1.000000
1130 1132 1.000000
1130 1133 -1.000000
1130 1134 -1.000000
1130 1135 -1.000000
1131 1132 -1.000000
1131 1133 1.000000
1131 1134 -1.000000
1131 1135 -1.000000
1136 1140 -1.000000
1136 1141 1.000000
1136 1142 1.000000
1136 1143 -1.000000
1137 1140 -1.000000
1137 1141 -1.000000
1137 1142 1.000000
1137 1143 -1.000000
1138 1140 1.000000
1138 1141 1.000000
1138 1142 -1.000000
1138 1143 1.000000
1139 1140 -1.000000
1139 1141 -1.000000
1139 1142 1.000000
1139 1143 1.000000
1144 1148 1.000000
1144 1149 1.000000
1144 1150 1.000000
1144 1151 -1.000000
1145 1148 -1.000000
1145 1149 -1.000000
1145 1150 1.000000
1145 1151 -1.000000
1146 1148 -1.000000
1146 1149 -1.000000
1146 1150 1.000000
1146 1151 -1.000000
1147 1148 -1.000000
1147 1149 1.000000
1147 1150 -1.000000
1147 1151 -1.000000
0 8 1.000000
8 16 1.000000
16 24 1.000000
24 32 -1.000000
32 40 -1.000000
40 48 1.000000
48 56 -1.000000
56 64 1.000000
64 72 -1.000000
72 80 1.000000
80 88 1.000000
96 104 1.000000
104 112 1.000000
112 120 -1.000000
120 128 1.000000
128 136 1.000000
136 144 1.000000
144 152 -1.000000
152 160 -1.000000
160 168 -1.000000
168 176 -1.000000
176 184 1.000000
192 200 1.000000
200 208 1.000000
208 216 -1.000000
216 224 1.000000
224 232 -1.000000
232 240 -1.000000
240 248 -1.000000
248 256 1.000000
256 264 -1.000000
264 272 1.000000
272 280 -1.000000
288 296 -1.000000
296 304 -1.000000
304 312 1.000000
312 320 -1.000000
320 328 1.000000
328 336 1.000000
336 344 1.000000
344 352 1.000000
352 360 1.000000
360 368 -1.000000
368 376 -1.000000
384 392 -1.000000
392 400 -1.000000
400 408 1.000000
408 416 1.000000
416 424 1.000000
424 432 1.000000
432 440 -1.000000
440 448 1.000000
448 456 1.000000
456 464 1.000000
464 472 1.000000
480 488 -1.000000
488 496 -1.000000
496 504 1.000000
504 512 -1.000000
512 520 1.000000
520 528 1.000000
528 536 1.000000
536 544 -1.000000
544 552 1.000000
552 560 -1.000000
560 568 -1.000000
576 584 1.000000
584 592 -1.000000
592 600 1.000000
600 608 1.000000
608 616 -1.000000
616 624 -1.000000
624 632 1.000000
632 640 1.000000
640 648 1.000000
648 656 -1.000000
656 664 1.000000
672 680 1.000000
680 688 -1.000000
688 696 1.000000
696 704 1.000000
704 712 -1.000000
712 720 -1.000000
720 728 1.000000
728 736 1.000000
736 744 -1.000000
744 752 -1.000000
752 760 -1.000000
768 776 -1.000000
776 784 1.000000
784 792 1.000000
792 800 -1.000000
800 808 -1.000000
808 816 1.000000
816 824 1.000000
824 832 -1.000000
832 840 -1.000000
840 848 -1.000000
848 856 -1.000000
864 872 1.000000
872 880 -1.000000
880 888 1.000000
888 896 -1.000000
896 904 1.000000
904 912 -1.000000
912 920 -1.000000
920 928 1.000000
928 936 1.000000
936 944 1.000000
944 952 -1.000000
960 968 -1.000000
968 976 -1.000000
976 984 1.000000
984 992 1.000000
992 1000 1.000000
1000 1008 -1.000000
1008 1016 -1.000000
1016 1024 1.000000
1024 1032 1.000000
1032 1040 1.000000
1040 1048 1.000000
1056 1064 1.000000
1064 1072 -1.000000
1072 1080 1.000000
1080 1088 1.000000
1088 1096 1.000000
1096 1104 -1.000000
1104 1112 -1.000000
1112 1120 1.000000
1120 1128 -1.000000
1128 1136 -1.000000
1136 1144 -1.000000
1 9 1.000000
9 17 -1.000000
17 25 -1.000000
25 33 -1.000000
33 41 -1.000000
41 49 1.000000
49 57 1.000000
57 65 -1.000000
65 73 1.000000
73 81 -1.000000
81 89 -1.000000
97 105 -1.000000
105 113 -1.000000
113 121 -1.000000
121 129 -1.000000
129 137 -1.000000
137 145 1.000000
145 153 -1.000000
153 161 -1.000000
161 169 -1.000000
169 177 1.000000
177 185 1.000000
193 201 1.000000
201 209 1.000000
209 217 1.000000
217 225 -1.000000
225 233 -1.000000
233 241 1.000000
241 249 -1.000000
249 257 -1.000000
257 265 1.000000
265 273 -1.000000
273 281 1.000000
289 297 -1.000000
297 305 -1.000000
305 313 -1.000000
313 321 1.000000
321 329 1.000000
329 337 -1.000000
337 345 1.000000
345 353 1.000000
353 361 1.000000
361 369 -1.000000
369 377 -1.000000
385 393 1.000000
393 401 1.000000
401 409 1.000000
409 417 -1.000000
417 425 1.000000
425 433 1.000000
433 441 1.000000
441 449 -1.000000
449 457 -1.000000
457 465 1.000000
465 473 -1.000000
481 489 -1.000000
489 497 -1.000000
497 505 1.000000
505 513 1.000000
513 521 -1.000000
521 529 1.000000
529 537 -1.000000
537 545 -1.000000
545 553 -1.000000
553 561 -1.000000
561 569 -1.000000
577 585 1.000000
585 593 -1.000000
593 601 -1.000000
601 609 1.000000
609 617 -1.000000
617 625 -1.000000
625 633 1.000000
633 641 -1.000000
641 649 -1.000000
649 657 1.000000
657 665 -1.000000
673 681 -1.000000
681 689 -1.000000
689 697 -1.000000
697 705 -1.000000
705 713 -1.000000
713 721 1.000000
721 729 -1.000000
729 737 -1.000000
737 745 -1.000000
745 753 -1.000000
753 761 1.000000
769 777 1.000000
777 785 -1.000000
785 793 1.000000
793 801 -1.000000
801 809 -1.000000
809 817 -1.000000
817 825 1.000000
825 833 1.000000
833 841 -1.000000
841 849 1.000000
849 857 -1.000000
865 873 1.000000
873 881 -1.000000
881 889 1.000000
889 897 1.000000
897 905 -1.000000
905 913 1.000000
913 921 1.000000
921 929 1.000000
929 937 1.000000
937 945 -1.000000
945 953 1.000000
961 969 1.000000
969 977 -1.000000
977 985 -1.000000
985 993 -1.000000
993 1001 1.000000
1001 1009 -1.000000
1009 1017 -1.000000
1017 1025 1.000000
1025 1033 1.000000
1033 1041 1.000000
1041 1049 -1.000000
1057 1065 -1.000000
1065 1073 -1.000000
1073 1081 1.000000
1081 1089 1.000000
1089 1097 1.000000
1097 1105 1.000000
1105 1113 1.000000
1113 1121 1.000000
1121 1129 1.000000
1129 1137 1.000000
1137 1145 1.000000
2 10 1.000000
10 18 1.000000
18 26 1.000000
26 34 -1.000000
34 42 1.000000
42 50 1.000000
50 58 -1.000000
58 66 1.000000
66 74 1.000000
74 82 -1.000000
82 90 -1.000000
98 106 1.000000
106 114 1.000000
114 122 -1.000000
122 130 1.000000
130 138 1.000000
138 146 1.000000
146 154 1.000000
154 162 1.000000
162 170 -1.000000
170 178 -1.000000
178 186 -1.000000
194 202 -1.000000
202 210 -1.000000
210 218 -1.000000
218 226 1.000000
226 234 1.000000
234 242 -1.000000
242 250 -1.000000
250 258 -1.000000
258 266 -1.000000
266 274 -1.000000
274 282 1.000000
290 298 -1.000000
298 306 -1.000000
306 314 -1.000000
314 322 -1.000000
322 330 1.000000
330 338 -1.000000
338 346 1.000000
346 354 1.000000
354 362 1.000000
362 370 -1.000000
370 378 1.000000
386 394 -1.000000
394 402 -1.000000
402 410 -1.000000
410 418 1.000000
418 426 -1.000000
426 434 1.000000
434 442 1.000000
442 450 1.000000
450 458 1.000000
458 466 -1.000000
466 474 1.000000
482 490 1.000000
490 498 -1.000000
498 506 -1.000000
506 514 -1.000000
514 522 1.000000
522 530 1.000000
530 538 -1.000000
538 546 1.000000
546 554 -1.000000
554 562 1.000000
562 570 -1.000000
578 586 -1.000000
586 594 -1.000000
594 602 1.000000
602 610 1.000000
610 618 1.000000
618 626 -1.000000
626 634 1.000000
634 642 -1.000000
642 650 1.000000
650 658 1.000000
658 666 -1.000000
674 682 -1.000000
682 690 -1.000000
690 698 1.000000
698 706 1.000000
706 714 -1.000000
714 722 1.000000
722 730 1.000000
730 738 -1.000000
738 746 1.000000
746 754 1.000000
754 762 1.000000
770 778 1.000000
778 786 1.000000
786 794 -1.000000
794 802 -1.000000
802 810 1.000000
810 818 -1.000000
818 826 1.000000
826 834 1.000000
834 842 1.000000
842 850 -1.000000
850 858 -1.000000
866 874 -1.000000
874 882 -1.000000
882 890 1.000000
890 898 1.000000
898 906 1.000000
906 914 -1.000000
914 922 -1.000000
922 930 -1.000000
930 938 1.000000
938 946 -1.000000
946 954 -1.000000
962 970 -1.000000
970 978 -1.000000
978 986 -1.000000
986 994 1.000000
994 1002 -1.000000
1002 1010 1.000000
1010 1018 -1.000000
1018 1026 1.000000
1026 1034 1.000000
1034 1042 -1.000000
1042 1050 -1.000000
1058 1066 1.000000
1066 1074 -1.000000
1074 1082 1.000000
1082 1090 1.000000
1090 1098 1.000000
1098 1106 -1.000000
1106 1114 -1.000000
1114 1122 1.000000
1122 1130 -1.000000
1130 1138 -1.000000
1138 1146 -1.000000
3 11 -1.000000
11 19 -1.000000
19 27 -1.000000
27 35 -1.000000
35 43 -1.000000
43 51 1.000000
51 59 -1.000000
59 67 -1.000000
67 75 -1.000000
75 83 -1.000000
83 91 1.000000
99 107 -1.000000
107 115 1.000000
115 123 -1.000000
123 131 1.000000
131 139 1.000000
139 147 1.000000
147 155 1.000000
155 163 1.000000
163 171 -1.000000
171 179 1.000000
179 187 1.000000
195 203 1.000000
203 211 -1.000000
211 219 -1.000000
219 227 -1.000000
227 235 -1.000000
235 243 -1.000000
243 251 -1.000000
251 259 -1.000000
259 267 -1.000000
267 275 -1.000000
275 283 1.000000
291 299 1.000000
299 307 1.000000
307 315 1.000000
315 323 -1.000000
323 331 -1.000000
331 339 1.000000
339 347 -1.000000
347 355 -1.000000
355 363 -1.000000
363 371 1.000000
371 379 1.000000
387 395 1.000000
395 403 -1.000000
403 411 1.000000
411 419 1.000000
419 427 -1.000000
427 435 1.000000
435 443 -1.000000
443 451 -1.000000
451 459 1.000000
459 467 1.000000
467 475 1.000000
483 491 -1.000000
491 499 1.000000
499 507 -1.000000
507 515 1.000000
515 523 -1.000000
523 531 1.000000
531 539 1.000000
539 547 -1.000000
547 555 -1.000000
555 563 -1.000000
563 571 -1.000000
579 587 -1.000000
587 595 1.000000
595 603 -1.000000
603 611 1.000000
611 619 1.000000
619 627 1.000000
627 635 -1.000000
635 643 -1.000000
643 651 -1.000000
651 659 1.000000
659 667 1.000000
675 683 1.000000
683 691 -1.000000
691 699 -1.000000
699 707 1.000000
707 715 -1.000000
715 723 -1.000000
723 731 -1.000000
731 739 -1.000000
739 747 -1.000000
747 755 -1.000000
755 763 1.000000
771 779 -1.000000
779 787 -1.000000
787 795 1.000000
795 803 -1.000000
803 811 -1.000000
811 819 -1.000000
819 827 1.000000
827 835 -1.000000
835 843 -1.000000
843 851 -1.000000
851 859 1.000000
867 875 1.000000
875 883 1.000000
883 891 1.000000
891 899 -1.000000
899 907 1.000000
907 915 1.000000
915 923 -1.000000
923 931 1.000000
931 939 -1.000000
939 947 -1.000000
947 955 -1.000000
963 971 1.000000
971 979 -1.000000
979 987 1.000000
987 995 -1.000000
995 1003 -1.000000
1003 1011 -1.000000
1011 1019 -1.000000
1019 1027 -1.000000
1027 1035 -1.000000
1035 1043 -1.000000
1043 1051 1.000000
1059 1067 -1.000000
1067 1075 1.000000
1075 1083 1.000000
1083 1091 1.000000
1091 1099 -1.000000
1099 1107 -1.000000
1107 1115 1.000000
1115 1123 -1.000000
1123 1131 -1.000000
1131 1139 -1.000000
1139 1147 1.000000
4 100 1.000000
100 196 -1.000000
196 292 -1.000000
292 388 1.000000
388 484 1.000000
484 580 1.000000
580 676 -1.000000
676 772 1.000000
772 868 -1.000000
868 964 1.000000
964 1060 -1.000000
12 108 -1.000000
108 204 -1.000000
204 300 -1.000000
300 396 -1.000000
396 492 1.000000
492 588 -1.000000
588 684 1.000000
684 780 -1.000000
780 876 -1.000000
876 972 1.000000
972 1068 1.000000
20 116 1.000000
116 212 -1.000000
212 308 1.000000
308 404 -1.000000
404 500 -1.000000
500 596 -1.000000
596 692 -1.000000
692 788 -1.000000
788 884 -1.000000
884 980 1.000000
980 1076 1.000000
28 124 -1.000000
124 220 -1.000000
220 316 -1.000000
316 412 -1.000000
412 508 1.000000
508 604 1.000000
604 700 1.000000
700 796 1.000000
796 892 -1.000000
892 988 1.000000
988 1084 1.000000
36 132 -1.000000
132 228 1.000000
228 324 1.000000
324 420 1.000000
420 516 1.000000
516 612 1.000000
612 708 -1.000000
708 804 1.000000
804 900 -1.000000
900 996 -1.000000
996 1092 1.000000
44 140 -1.000000
140 236 -1.000000
236 332 -1.000000
332 428 1.000000
428 524 -1.000000
524 620 1.000000
620 716 -1.000000
716 812 1.000000
812 908 1.000000
908 1004 1.000000
1004 1100 -1.000000
52 148 -1.000000
148 244 1.000000
244 340 -1.000000
340 436 -1.000000
436 532 -1.000000
532 628 -1.000000
628 724 1.000000
724 820 1.000000
820 916 1.000000
916 1012 -1.000000
1012 1108 -1.000000
60 156 -1.000000
156 252 1.000000
252 348 -1.000000
348 444 -1.000000
444 540 1.000000
540 636 -1.000000
636 732 -1.000000
732 828 -1.000000
828 924 -1.000000
924 1020 1.000000
1020 1116 1.000000
68 164 -1.000000
164 260 -1.000000
260 356 -1.000000
356 452 -1.000000
452 548 -1.000000
548 644 1.000000
644 740 -1.000000
740 836 -1.000000
836 932 -1.000000
932 1028 1.000000
1028 1124 1.000000
76 172 -1.000000
172 268 -1.000000
268 364 -1.000000
364 460 -1.000000
460 556 1.000000
556 652 1.000000
652 748 -1.000000
748 844 -1.000000
844 940 -1.000000
940 1036 1.000000
1036 1132 -1.000000
84 180 1.000000
180 276 1.000000
276 372 1.000000
372 468 1.000000
468 564 -1.000000
564 660 1.000000
660 756 -1.000000
756 852 1.000000
852 948 -1.000000
948 1044 1.000000
1044 1140 -1.000000
92 188 -1.000000
188 284 1.000000
284 380 -1.000000
380 476 -1.000000
476 572 1.000000
572 668 -1.000000
668 764 -1.000000
764 860 -1.000000
860 956 1.000000
956 1052 1.000000
1052 1148 1.000000
5 101 -1.000000
101 197 1.000000
197 293 1.000000
293 389 1.000000
389 485 1.000000
485 581 1.000000
581 677 1.000000
677 773 1.000000
773 869 -1.000000
869 965 1.000000
965 1061 -1.000000
13 109 1.000000
109 205 1.000000
205 301 -1.000000
301 397 1.000000
397 493 1.000000
493 589 -1.000000
589 685 -1.000000
685 781 1.000000
781 877 -1.000000
877 973 1.000000
973 1069 1.000000
21 117 -1.000000
117 213 -1.000000
213 309 -1.000000
309 405 1.000000
405 501 -1.000000
501 597 -1.000000
597 693 1.000000
693 789 1.000000
789 885 -1.000000
885 981 -1.000000
981 1077 1.000000
29 125 1.000000
125 221 1.000000
221 317 -1.000000
317 413 -1.000000
413 509 1.000000
509 605 1.000000
605 701 1.000000
701 797 -1.000000
797 893 1.000000
893 989 -1.000000
989 1085 -1.000000
37 133 1.000000
133 229 -1.000000
229 325 -1.000000
325 421 1.000000
421 517 -1.000000
517 613 1.000000
613 709 1.000000
709 805 -1.000000
805 901 -1.000000
901 997 -1.000000
997 1093 1.000000
45 141 -1.000000
141 237 -1.000000
237 333 1.000000
333 429 -1.000000
429 525 -1.000000
525 621 1.000000
621 717 1.000000
717 813 -1.000000
813 909 1.000000
909 1005 1.000000
1005 1101 1.000000
53 149 1.000000
149 245 -1.000000
245 341 -1.000000
341 437 -1.000000
437 533 1.000000
533 629 1.000000
629 725 1.000000
725 821 -1.000000
821 917 -1.000000
917 1013 -1.000000
1013 1109 -1.000000
61 157 1.000000
157 253 -1.000000
253 349 -1.000000
349 445 -1.000000
445 541 1.000000
541 637 -1.000000
637 733 -1.000000
733 829 1.000000
829 925 1.000000
925 1021 -1.000000
1021 1117 1.000000
69 165 1.000000
165 261 -1.000000
261 357 -1.000000
357 453 1.000000
453 549 -1.000000
549 645 1.000000
645 741 1.000000
741 837 1.000000
837 933 1.000000
933 1029 -1.000000
1029 1125 -1.000000
77 173 1.000000
173 269 -1.000000
269 365 -1.000000
365 461 -1.000000
461 557 1.000000
557 653 1.000000
653 749 1.000000
749 845 -1.000000
845 941 1.000000
941 1037 -1.000000
1037 1133 -1.000000
85 181 -1.000000
181 277 1.000000
277 373 1.000000
373 469 1.000000
469 565 -1.000000
565 661 1.000000
661 757 1.000000
757 853 1.000000
853 949 1.000000
949 1045 1.000000
1045 1141 -1.000000
93 189 1.000000
189 285 -1.000000
285 381 -1.000000
381 477 1.000000
477 573 -1.000000
573 669 1.000000
669 765 -1.000000
765 861 -1.000000
861 957 -1.000000
957 1053 -1.000000
1053 1149 1.000000
6 102 1.000000
102 198 1.000000
198 294 -1.000000
294 390 -1.000000
390 486 -1.000000
486 582 1.000000
582 678 1.000000
678 774 -1.000000
774 870 -1.000000
870 966 1.000000
966 1062 1.000000
14 110 -1.000000
110 206 1.000000
206 302 1.000000
302 398 -1.000000
398 494 1.000000
494 590 -1.000000
590 686 1.000000
686 782 -1.000000
782 878 -1.000000
878 974 -1.000000
974 1070 -1.000000
22 118 1.000000
118 214 -1.000000
214 310 1.000000
310 406 -1.000000
406 502 -1.000000
502 598 1.000000
598 694 -1.000000
694 790 1.000000
790 886 -1.000000
886 982 -1.000000
982 1078 -1.000000
30 126 -1.000000
126 222 1.000000
222 318 -1.000000
318 414 -1.000000
414 510 1.000000
510 606 -1.000000
606 702 -1.000000
702 798 -1.000000
798 894 -1.000000
894 990 1.000000
990 1086 1.000000
38 134 1.000000
134 230 -1.000000
230 326 -1.000000
326 422 1.000000
422 518 1.000000
518 614 -1.000000
614 710 1.000000
710 806 -1.000000
806 902 -1.000000
902 998 -1.000000
998 1094 1.000000
46 142 1.000000
142 238 1.000000
238 334 1.000000
334 430 1.000000
430 526 -1.000000
526 622 1.000000
622 718 1.000000
718 814 -1.000000
814 910 -1.000000
910 1006 1.000000
1006 1102 -1.000000
54 150 1.000000
150 246 -1.000000
246 342 1.000000
342 438 1.000000
438 534 1.000000
534 630 -1.000000
630 726 1.000000
726 822 1.000000
822 918 1.000000
918 1014 1.000000
1014 1110 1.000000
62 158 -1.000000
158 254 1.000000
254 350 -1.000000
350 446 -1.000000
446 542 -1.000000
542 638 -1.000000
638 734 1.000000
734 830 1.000000
830 926 1.000000
926 1022 -1.000000
1022 1118 1.000000
70 166 1.000000
166 262 1.000000
262 358 1.000000
358 454 1.000000
454 550 1.000000
550 646 1.000000
646 742 -1.000000
742 838 -1.000000
838 934 -1.000000
934 1030 -1.000000
1030 1126 -1.000000
78 174 1.000000
174 270 -1.000000
270 366 1.000000
366 462 1.000000
462 558 -1.000000
558 654 1.000000
654 750 1.000000
750 846 -1.000000
846 942 1.000000
942 1038 -1.000000
1038 1134 -1.000000
86 182 -1.000000
182 278 1.000000
278 374 -1.000000
374 470 -1.000000
470 566 -1.000000
566 662 1.000000
662 758 1.000000
758 854 1.000000
854 950 -1.000000
950 1046 1.000000
1046 1142 1.000000
94 190 -1.000000
190 286 1.000000
286 382 -1.000000
382 478 1.000000
478 574 -1.000000
574 670 1.000000
670 766 1.000000
766 862 -1.000000
862 958 1.000000
958 1054 -1.000000
1054 1150 1.000000
7 103 -1.000000
103 199 1.000000
199 295 1.000000
295 391 -1.000000
391 487 -1.000000
487 583 1.000000
583 679 1.000000
679 775 1.000000
775 871 1.000000
871 967 -1.000000
967 1063 -1.000000
15 111 -1.000000
111 207 -1.000000
207 303 -1.000000
303 399 1.000000
399 495 1.000000
495 591 1.000000
591 687 -1.000000
687 783 -1.000000
783 879 1.000000
879 975 -1.000000
975 1071 1.000000
23 119 1.000000
119 215 1.000000
215 311 1.000000
311 407 -1.000000
407 503 1.000000
503 599 1.000000
599 695 -1.000000
695 791 -1.000000
791 887 1.000000
887 983 1.000000
983 1079 1.000000
31 127 -1.000000
127 223 1.000000
223 319 1.000000
319 415 -1.000000
415 511 -1.000000
511 607 1.000000
607 703 1.000000
703 799 -1.000000
799 895 -1.000000
895 991 1.000000
991 1087 1.000000
39 135 1.000000
135 231 1.000000
231 327 -1.000000
327 423 -1.000000
423 519 -1.000000
519 615 -1.000000
615 711 1.000000
711 807 1.000000
807 903 1.000000
903 999 1.000000
999 1095 -1.000000
47 143 1.000000
143 239 1.000000
239 335 1.000000
335 431 -1.000000
431 527 1.000000
527 623 1.000000
623 719 1.000000
719 815 -1.000000
815 911 -1.000000
911 1007 1.000000
1007 1103 -1.000000
55 151 1.000000
151 247 -1.000000
247 343 -1.000000
343 439 1.000000
439 535 1.000000
535 631 -1.000000
631 727 1.000000
727 823 -1.000000
823 919 -1.000000
919 1015 1.000000
1015 1111 -1.000000
63 159 -1.000000
159 255 1.000000
255 351 1.000000
351 447 -1.000000
447 543 1.000000
543 639 1.000000
639 735 -1.000000
735 831 1.000000
831 927 1.000000
927 1023 1.000000
1023 1119 -1.000000
71 167 1.000000
167 263 1.000000
263 359 -1.000000
359 455 1.000000
455 551 1.000000
551 647 1.000000
647 743 -1.000000
743 839 1.000000
839 935 1.000000
935 1031 -1.000000
1031 1127 -1.000000
79 175 -1.000000
175 271 1.000000
271 367 -1.000000
367 463 1.000000
463 559 -1.000000
559 655 1.000000
655 751 -1.000000
751 847 -1.000000
847 943 1.000000
943 1039 -1.000000
1039 1135 1.000000
87 183 -1.000000
183 279 1.000000
279 375 1.000000
375 471 1.000000
471 567 1.000000
567 663 -1.000000
663 759 1.000000
759 855 -1.000000
855 951 1.000000
951 1047 1.000000
1047 1143 1.000000
95 191 1.000000
191 287 -1.000000
287 383 -1.000000
383 479 1.000000
479 575 1.000000
575 671 1.000000
671 767 1.000000
767 863 1.000000
863 959 1.000000
959 1055 -1.000000
1055 1151 -1.000000
