1152
0 4 111.000000
0 5 -16.000000
0 6 -122.000000
0 7 73.000000
1 4 -66.000000
1 5 -120.000000
1 6 -13.000000
1 7 18.000000
2 4 -47.000000
2 5 -122.000000
2 6 1.000000
2 7 38.000000
3 4 7.000000
3 5 -41.000000
3 6 1.000000
3 7 84.000000
8 12 113.000000
8 13 31.000000
8 14 77.000000
8 15 55.000000
9 12 -90.000000
9 13 42.000000
9 14 10.000000
9 15 -125.000000
10 12 -64.000000
10 13 -79.000000
10 14 -59.000000
10 15 -78.000000
11 12 127.000000
11 13 21.000000
11 14 42.000000
11 15 -103.000000
16 20 67.000000
16 21 -118.000000
16 22 85.000000
16 23 22.000000
17 20 83.000000
17 21 -22.000000
17 22 -97.000000
17 23 -12.000000
18 20 123.000000
18 21 -81.000000
18 22 71.000000
18 23 103.000000
19 20 13.000000
19 21 -70.000000
19 22 -91.000000
19 23 -65.000000
24 28 26.000000
24 29 -29.000000
24 30 -92.000000
24 31 -23.000000
25 28 -97.000000
25 29 4.000000
25 30 47.000000
25 31 92.000000
26 28 89.000000
26 29 80.000000
26 30 -68.000000
26 31 102.000000
27 28 43.000000
27 29 -118.000000
27 30 -72.000000
27 31 -20.000000
32 36 101.000000
32 37 -73.000000
32 38 -82.000000
32 39 -104.000000
33 36 3.000000
33 37 -102.000000
33 38 97.000000
33 39 -75.000000
34 36 94.000000
34 37 91.000000
34 38 -66.000000
34 39 -98.000000
35 36 93.000000
35 37 -97.000000
35 38 7.000000
35 39 118.000000
40 44 -21.000000
40 45 29.000000
40 46 -14.000000
40 47 -10.000000
41 44 95.000000
41 45 50.000000
41 46 41.000000
41 47 -114.000000
42 44 127.000000
42 45 25.000000
42 46 126.000000
42 47 29.000000
43 44 66.000000
43 45 119.000000
43 46 98.000000
43 47 36.000000
48 52 37.000000
48 53 76.000000
48 54 -60.000000
48 55 59.000000
49 52 61.000000
49 53 66.000000
49 54 -80.000000
49 55 93.000000
50 52 121.000000
50 53 -8.000000
50 54 -104.000000
50 55 -74.000000
51 52 26.000000
51 53 -106.000000
51 54 48.000000
51 55 89.000000
56 60 69.000000
56 61 118.000000
56 62 114.000000
56 63 -3.000000
57 60 13.000000
57 61 -22.000000
57 62 120.000000
57 63 -44.000000
58 60 -95.000000
58 61 81.000000
58 62 -79.000000
58 63 -105.000000
59 60 93.000000
59 61 75.000000
59 62 80.000000
59 63 -72.000000
64 68 -73.000000
64 69 -5.000000
64 70 -103.000000
64 71 98.000000
65 68 -74.000000
65 69 -73.000000
65 70 89.000000
65 71 29.000000
66 68 24.000000
66 69 119.000000
66 70 -9.000000
66 71 63.000000
67 68 35.000000
67 69 -89.000000
67 70 -38.000000
67 71 118.000000
72 76 -96.000000
72 77 26.000000
72 78 120.000000
72 79 -43.000000
73 76 -107.000000
73 77 -117.000000
73 78 80.000000
73 79 -116.000000
74 76 -118.000000
74 77 -62.000000
74 78 60.000000
74 79 -84.000000
75 76 -127.000000
75 77 65.000000
75 78 -71.000000
75 79 4.000000
80 84 42.000000
80 85 -85.000000
80 86 16.000000
80 87 -93.000000
81 84 99.000000
81 85 -55.000000
81 86 -91.000000
81 87 19.000000
82 84 15.000000
82 85 72.000000
82 86 69.000000
82 87 26.000000
83 84 58.000000
83 85 89.000000
83 86 -2.000000
83 87 15.000000
88 92 104.000000
88 93 62.000000
88 94 91.000000
88 95 106.000000
89 92 -108.000000
89 93 -113.000000
89 94 75.000000
89 95 16.000000
90 92 76.000000
90 93 21.000000
90 94 -92.000000
90 95 61.000000
91 92 -111.000000
91 93 -6.000000
91 94 97.000000
91 95 13.000000
96 100 -110.000000
96 101 -64.000000
96 102 -92.000000
96 103 -9.000000
97 100 -66.000000
97 101 -126.000000
97 102 -109.000000
97 103 87.000000
98 100 77.000000
98 101 49.000000
98 102 -9.000000
98 103 54.000000
99 100 -122.000000
99 101 -80.000000
99 102 -70.000000
99 103 28.000000
104 108 -22.000000
104 109 -126.000000
104 110 -117.000000
104 111 -49.000000
105 108 111.000000
105 109 53.000000
105 110 -45.000000
105 111 -5.000000
106 108 110.000000
106 109 27.000000
106 110 27.000000
106 111 -85.000000
107 108 -4.000000
107 109 104.000000
107 110 -121.000000
107 111 117.000000
112 116 -72.000000
112 117 -1.000000
112 118 105.000000
112 119 108.000000
113 116 80.000000
113 117 37.000000
113 118 36.000000
113 119 102.000000
114 116 -87.000000
114 117 119.000000
114 118 -72.000000
114 119 126.000000
115 116 -106.000000
115 117 13.000000
115 118 -91.000000
115 119 114.000000
120 124 109.000000
120 125 87.000000
120 126 -21.000000
120 127 39.000000
121 124 -92.000000
121 125 81.000000
121 126 -109.000000
121 127 2.000000
122 124 -47.000000
122 125 -37.000000
122 126 54.000000
122 127 58.000000
123 124 122.000000
123 125 122.000000
123 126 -55.000000
123 127 -111.000000
128 132 -80.000000
128 133 106.000000
128 134 121.000000
128 135 -56.000000
129 132 84.000000
129 133 70.000000
129 134 55.000000
129 135 116.000000
130 132 -48.000000
130 133 -84.000000
130 134 -53.000000
130 135 -124.000000
131 132 67.000000
131 133 123.000000
131 134 92.000000
131 135 -22.000000
136 140 -32.000000
136 141 127.000000
136 142 -8.000000
136 143 -95.000000
137 140 40.000000
137 141 -13.000000
137 142 -91.000000
137 143 -60.000000
138 140 11.000000
138 141 104.000000
138 142 13.000000
138 143 93.000000
139 140 -84.000000
139 141 72.000000
139 142 50.000000
139 143 75.000000
144 148 -84.000000
144 149 -98.000000
144 150 -104.000000
144 151 48.000000
145 148 -85.000000
145 149 102.000000
145 150 45.000000
145 151 -52.000000
146 148 33.000000
146 149 93.000000
146 150 -112.000000
146 151 -115.000000
147 148 -10.000000
147 149 107.000000
147 150 -9.000000
147 151 -124.000000
152 156 111.000000
152 157 48.000000
152 158 16.000000
152 159 -95.000000
153 156 -12.000000
153 157 -13.000000
153 158 86.000000
153 159 87.000000
154 156 76.000000
154 157 19.000000
154 158 102.000000
154 159 1.000000
155 156 41.000000
155 157 27.000000
155 158 -10.000000
155 159 124.000000
160 164 -108.000000
160 165 64.000000
160 166 123.000000
160 167 88.000000
161 164 84.000000
161 165 47.000000
161 166 -21.000000
161 167 -25.000000
162 164 -49.000000
162 165 28.000000
162 166 33.000000
162 167 126.000000
163 164 111.000000
163 165 113.000000
163 166 47.000000
163 167 104.000000
168 172 -19.000000
168 173 15.000000
168 174 64.000000
168 175 -5.000000
169 172 58.000000
169 173 -54.000000
169 174 -40.000000
169 175 38.000000
170 172 106.000000
170 173 -111.000000
170 174 -77.000000
170 175 -76.000000
171 172 -6.000000
171 173 44.000000
171 174 35.000000
171 175 62.000000
176 180 -53.000000
176 181 51.000000
176 182 -42.000000
176 183 119.000000
177 180 89.000000
177 181 42.000000
177 182 108.000000
177 183 -88.000000
178 180 -10.000000
178 181 80.000000
178 182 36.000000
178 183 -3.000000
179 180 -81.000000
179 181 76.000000
179 182 -58.000000
179 183 17.000000
184 188 -78.000000
184 189 90.000000
184 190 -105.000000
184 191 -76.000000
185 188 119.000000
185 189 -58.000000
185 190 61.000000
185 191 -49.000000
186 188 -73.000000
186 189 5.000000
186 190 21.000000
186 191 -14.000000
187 188 -44.000000
187 189 64.000000
187 190 -91.000000
187 191 76.000000
192 196 11.000000
192 197 18.000000
192 198 -112.000000
192 199 -45.000000
193 196 -74.000000
193 197 58.000000
193 198 112.000000
193 199 -53.000000
194 196 -98.000000
194 197 29.000000
194 198 55.000000
194 199 75.000000
195 196 115.000000
195 197 -65.000000
195 198 91.000000
195 199 103.000000
200 204 -51.000000
200 205 81.000000
200 206 77.000000
200 207 -121.000000
201 204 -92.000000
201 205 -15.000000
201 206 21.000000
201 207 -124.000000
202 204 -108.000000
202 205 93.000000
202 206 43.000000
202 207 6.000000
203 204 44.000000
203 205 92.000000
203 206 -75.000000
203 207 92.000000
208 212 52.000000
208 213 17.000000
208 214 -28.000000
208 215 -16.000000
209 212 -45.000000
209 213 60.000000
209 214 81.000000
209 215 40.000000
210 212 -65.000000
210 213 87.000000
210 214 30.000000
210 215 -2.000000
211 212 27.000000
211 213 55.000000
211 214 -25.000000
211 215 -83.000000
216 220 -49.000000
216 221 68.000000
216 222 -92.000000
216 223 67.000000
217 220 -97.000000
217 221 -66.000000
217 222 -47.000000
217 223 102.000000
218 220 -94.000000
218 221 -75.000000
218 222 -19.000000
218 223 -60.000000
219 220 26.000000
219 221 3.000000
219 222 -126.000000
219 223 -117.000000
224 228 -48.000000
224 229 114.000000
224 230 -6.000000
224 231 -13.000000
225 228 -36.000000
225 229 17.000000
225 230 39.000000
225 231 41.000000
226 228 44.000000
226 229 120.000000
226 230 57.000000
226 231 83.000000
227 228 -32.000000
227 229 116.000000
227 230 26.000000
227 231 60.000000
232 236 -27.000000
232 237 68.000000
232 238 -74.000000
232 239 126.000000
233 236 -14.000000
233 237 -47.000000
233 238 124.000000
233 239 50.000000
234 236 68.000000
234 237 78.000000
234 238 86.000000
234 239 62.000000
235 236 -101.000000
235 237 -122.000000
235 238 20.000000
235 239 -47.000000
240 244 -83.000000
240 245 -62.000000
240 246 59.000000
240 247 -122.000000
241 244 -66.000000
241 245 117.000000
241 246 121.000000
241 247 86.000000
242 244 -72.000000
242 245 41.000000
242 246 53.000000
242 247 -4.000000
243 244 9.000000
243 245 1.000000
243 246 44.000000
243 247 -49.000000
248 252 35.000000
248 253 -21.000000
248 254 42.000000
248 255 22.000000
249 252 -48.000000
249 253 -34.000000
249 254 -41.000000
249 255 -85.000000
250 252 -12.000000
250 253 8.000000
250 254 -84.000000
250 255 -67.000000
251 252 9.000000
251 253 95.000000
251 254 114.000000
251 255 44.000000
256 260 126.000000
256 261 -98.000000
256 262 -62.000000
256 263 -12.000000
257 260 -122.000000
257 261 15.000000
257 262 -12.000000
257 263 20.000000
258 260 89.000000
258 261 72.000000
258 262 -30.000000
258 263 -112.000000
259 260 77.000000
259 261 74.000000
259 262 87.000000
259 263 -68.000000
264 268 37.000000
264 269 116.000000
264 270 -14.000000
264 271 -73.000000
265 268 20.000000
265 269 -34.000000
265 270 51.000000
265 271 -47.000000
266 268 -72.000000
266 269 33.000000
266 270 1.000000
266 271 -123.000000
267 268 -88.000000
267 269 124.000000
267 270 -43.000000
267 271 -123.000000
272 276 -78.000000
272 277 42.000000
272 278 87.000000
272 279 -90.000000
273 276 66.000000
273 277 -3.000000
273 278 -50.000000
273 279 -104.000000
274 276 31.000000
274 277 79.000000
274 278 -19.000000
274 279 -91.000000
275 276 -7.000000
275 277 -10.000000
275 278 1.000000
275 279 -120.000000
280 284 100.000000
280 285 -42.000000
280 286 5.000000
280 287 23.000000
281 284 -119.000000
281 285 -34.000000
281 286 65.000000
281 287 19.000000
282 284 12.000000
282 285 -109.000000
282 286 35.000000
282 287 127.000000
283 284 16.000000
283 285 -74.000000
283 286 6.000000
283 287 86.000000
288 292 -83.000000
288 293 -29.000000
288 294 -114.000000
288 295 5.000000
289 292 67.000000
289 293 11.000000
289 294 49.000000
289 295 82.000000
290 292 -117.000000
290 293 81.000000
290 294 127.000000
290 295 -41.000000
291 292 -81.000000
291 293 -15.000000
291 294 -36.000000
291 295 55.000000
296 300 -91.000000
296 301 -62.000000
296 302 -118.000000
296 303 55.000000
297 300 104.000000
297 301 -45.000000
297 302 -78.000000
297 303 68.000000
298 300 54.000000
298 301 75.000000
298 302 101.000000
298 303 60.000000
299 300 85.000000
299 301 -4.000000
299 302 -38.000000
299 303 103.000000
304 308 -125.000000
304 309 -69.000000
304 310 94.000000
304 311 -38.000000
305 308 -46.000000
305 309 -79.000000
305 310 65.000000
305 311 55.000000
306 308 -32.000000
306 309 36.000000
306 310 -93.000000
306 311 42.000000
307 308 -25.000000
307 309 -35.000000
307 310 -95.000000
307 311 54.000000
312 316 38.000000
312 317 72.000000
312 318 111.000000
312 319 -59.000000
313 316 48.000000
313 317 16.000000
313 318 -21.000000
313 319 103.000000
314 316 49.000000
314 317 -49.000000
314 318 -90.000000
314 319 64.000000
315 316 127.000000
315 317 49.000000
315 318 100.000000
315 319 -43.000000
320 324 -90.000000
320 325 7.000000
320 326 -80.000000
320 327 -85.000000
321 324 66.000000
321 325 103.000000
321 326 -27.000000
321 327 -4.000000
322 324 -82.000000
322 325 -81.000000
322 326 126.000000
322 327 23.000000
323 324 107.000000
323 325 -76.000000
323 326 31.000000
323 327 82.000000
328 332 81.000000
328 333 -49.000000
328 334 17.000000
328 335 -24.000000
329 332 89.000000
329 333 33.000000
329 334 -69.000000
329 335 -47.000000
330 332 80.000000
330 333 51.000000
330 334 -9.000000
330 335 68.000000
331 332 9.000000
331 333 -59.000000
331 334 110.000000
331 335 15.000000
336 340 -92.000000
336 341 87.000000
336 342 52.000000
336 343 55.000000
337 340 109.000000
337 341 -105.000000
337 342 -115.000000
337 343 65.000000
338 340 -16.000000
338 341 9.000000
338 342 -52.000000
338 343 -122.000000
339 340 -69.000000
339 341 -83.000000
339 342 66.000000
339 343 -106.000000
344 348 17.000000
344 349 3.000000
344 350 48.000000
344 351 66.000000
345 348 -9.000000
345 349 62.000000
345 350 58.000000
345 351 -54.000000
346 348 97.000000
346 349 80.000000
346 350 -122.000000
346 351 66.000000
347 348 1.000000
347 349 106.000000
347 350 -94.000000
347 351 80.000000
352 356 13.000000
352 357 -44.000000
352 358 123.000000
352 359 -72.000000
353 356 16.000000
353 357 -126.000000
353 358 116.000000
353 359 3.000000
354 356 -98.000000
354 357 -91.000000
354 358 -21.000000
354 359 -12.000000
355 356 -25.000000
355 357 71.000000
355 358 57.000000
355 359 -94.000000
360 364 -89.000000
360 365 -121.000000
360 366 -102.000000
360 367 80.000000
361 364 47.000000
361 365 -54.000000
361 366 -114.000000
361 367 105.000000
362 364 -3.000000
362 365 -33.000000
362 366 72.000000
362 367 28.000000
363 364 17.000000
363 365 87.000000
363 366 -104.000000
363 367 -14.000000
368 372 -46.000000
368 373 -7.000000
368 374 -48.000000
368 375 9.000000
369 372 21.000000
369 373 -113.000000
369 374 102.000000
369 375 67.000000
370 372 6.000000
370 373 -111.000000
370 374 7.000000
370 375 46.000000
371 372 108.000000
371 373 87.000000
371 374 42.000000
371 375 -6.000000
376 380 -83.000000
376 381 107.000000
376 382 -90.000000
376 383 -81.000000
377 380 -26.000000
377 381 101.000000
377 382 -13.000000
377 383 96.000000
378 380 -4.000000
378 381 -87.000000
378 382 81.000000
378 383 17.000000
379 380 112.000000
379 381 -2.000000
379 382 -69.000000
379 383 -105.000000
384 388 -11.000000
384 389 -11.000000
384 390 47.000000
384 391 66.000000
385 388 21.000000
385 389 65.000000
385 390 72.000000
385 391 -35.000000
386 388 96.000000
386 389 -61.000000
386 390 -109.000000
386 391 102.000000
387 388 46.000000
387 389 111.000000
387 390 101.000000
387 391 121.000000
392 396 28.000000
392 397 -67.000000
392 398 94.000000
392 399 -11.000000
393 396 -37.000000
393 397 4.000000
393 398 92.000000
393 399 31.000000
394 396 15.000000
394 397 92.000000
394 398 -42.000000
394 399 89.000000
395 396 25.000000
395 397 -57.000000
395 398 -24.000000
395 399 93.000000
400 404 -54.000000
400 405 -108.000000
400 406 38.000000
400 407 -118.000000
401 404 58.000000
401 405 38.000000
401 406 16.000000
401 407 -57.000000
402 404 -24.000000
402 405 -26.000000
402 406 79.000000
402 407 -8.000000
403 404 -42.000000
403 405 -94.000000
403 406 106.000000
403 407 91.000000
408 412 -83.000000
408 413 43.000000
408 414 63.000000
408 415 50.000000
409 412 -12.000000
409 413 -118.000000
409 414 -12.000000
409 415 -49.000000
410 412 -60.000000
410 413 84.000000
410 414 -37.000000
410 415 -115.000000
411 412 -12.000000
411 413 -119.000000
411 414 123.000000
411 415 13.000000
416 420 27.000000
416 421 -63.000000
416 422 72.000000
416 423 65.000000
417 420 48.000000
417 421 94.000000
417 422 -86.000000
417 423 -78.000000
418 420 -73.000000
418 421 29.000000
418 422 108.000000
418 423 -53.000000
419 420 -72.000000
419 421 -100.000000
419 422 -118.000000
419 423 -11.000000
424 428 32.000000
424 429 97.000000
424 430 -42.000000
424 431 -51.000000
425 428 -73.000000
425 429 -13.000000
425 430 23.000000
425 431 41.000000
426 428 -107.000000
426 429 -70.000000
426 430 -69.000000
426 431 -71.000000
427 428 22.000000
427 429 -72.000000
427 430 -28.000000
427 431 -29.000000
432 436 12.000000
432 437 -27.000000
432 438 -25.000000
432 439 -126.000000
433 436 85.000000
433 437 112.000000
433 438 -85.000000
433 439 67.000000
434 436 85.000000
434 437 25.000000
434 438 -114.000000
434 439 23.000000
435 436 -3.000000
435 437 21.000000
435 438 -41.000000
435 439 81.000000
440 444 -31.000000
440 445 88.000000
440 446 48.000000
440 447 9.000000
441 444 82.000000
441 445 -104.000000
441 446 -1.000000
441 447 -95.000000
442 444 -36.000000
442 445 -95.000000
442 446 79.000000
442 447 22.000000
443 444 75.000000
443 445 103.000000
443 446 -75.000000
443 447 23.000000
448 452 -28.000000
448 453 25.000000
448 454 -54.000000
448 455 72.000000
449 452 -9.000000
449 453 30.000000
449 454 -67.000000
449 455 -85.000000
450 452 -108.000000
450 453 115.000000
450 454 -25.000000
450 455 5.000000
451 452 43.000000
451 453 71.000000
451 454 20.000000
451 455 -87.000000
456 460 53.000000
456 461 -115.000000
456 462 8.000000
456 463 -97.000000
457 460 -99.000000
457 461 24.000000
457 462 -123.000000
457 463 -4.000000
458 460 -9.000000
458 461 27.000000
458 462 -119.000000
458 463 -124.000000
459 460 122.000000
459 461 16.000000
459 462 -18.000000
459 463 -53.000000
464 468 -85.000000
464 469 -40.000000
464 470 91.000000
464 471 -99.000000
465 468 126.000000
465 469 83.000000
465 470 79.000000
465 471 90.000000
466 468 -68.000000
466 469 111.000000
466 470 4.000000
466 471 -86.000000
467 468 -32.000000
467 469 -122.000000
467 470 -60.000000
467 471 -102.000000
472 476 71.000000
472 477 93.000000
472 478 6.000000
472 479 -87.000000
473 476 -43.000000
473 477 117.000000
473 478 -119.000000
473 479 -72.000000
474 476 60.000000
474 477 -111.000000
474 478 -27.000000
474 479 -44.000000
475 476 18.000000
475 477 -90.000000
475 478 69.000000
475 479 86.000000
480 484 69.000000
480 485 -46.000000
480 486 106.000000
480 487 70.000000
481 484 -31.000000
481 485 6.000000
481 486 3.000000
481 487 -74.000000
482 484 -5.000000
482 485 -108.000000
482 486 109.000000
482 487 -73.000000
483 484 -53.000000
483 485 -68.000000
483 486 99.000000
483 487 126.000000
488 492 -76.000000
488 493 -98.000000
488 494 33.000000
488 495 -67.000000
489 492 -90.000000
489 493 -78.000000
489 494 14.000000
489 495 18.000000
490 492 -64.000000
490 493 32.000000
490 494 13.000000
490 495 -27.000000
491 492 -4.000000
491 493 44.000000
491 494 119.000000
491 495 125.000000
496 500 69.000000
496 501 105.000000
496 502 126.000000
496 503 22.000000
497 500 99.000000
497 501 -53.000000
497 502 -106.000000
497 503 -113.000000
498 500 -52.000000
498 501 -78.000000
498 502 113.000000
498 503 -122.000000
499 500 63.000000
499 501 -74.000000
499 502 -63.000000
499 503 -105.000000
504 508 -31.000000
504 509 81.000000
504 510 109.000000
504 511 -118.000000
505 508 57.000000
505 509 -57.000000
505 510 97.000000
505 511 -60.000000
506 508 -51.000000
506 509 -78.000000
506 510 106.000000
506 511 -9.000000
507 508 93.000000
507 509 86.000000
507 510 19.000000
507 511 7.000000
512 516 -9.000000
512 517 70.000000
512 518 -46.000000
512 519 70.000000
513 516 -87.000000
513 517 -113.000000
513 518 -32.000000
513 519 61.000000
514 516 47.000000
514 517 95.000000
514 518 -66.000000
514 519 -49.000000
515 516 42.000000
515 517 42.000000
515 518 -62.000000
515 519 -93.000000
520 524 120.000000
520 525 -52.000000
520 526 -87.000000
520 527 116.000000
521 524 -103.000000
521 525 -85.000000
521 526 -12.000000
521 527 74.000000
522 524 -13.000000
522 525 75.000000
522 526 -8.000000
522 527 -101.000000
523 524 122.000000
523 525 -101.000000
523 526 -48.000000
523 527 -111.000000
528 532 93.000000
528 533 -53.000000
528 534 21.000000
528 535 -81.000000
529 532 8.000000
529 533 114.000000
529 534 40.000000
529 535 -68.000000
530 532 92.000000
530 533 -4.000000
530 534 3.000000
530 535 -14.000000
531 532 -103.000000
531 533 29.000000
531 534 -37.000000
531 535 38.000000
536 540 39.000000
536 541 45.000000
536 542 -116.000000
536 543 38.000000
537 540 19.000000
537 541 6.000000
537 542 76.000000
537 543 103.000000
538 540 80.000000
538 541 5.000000
538 542 66.000000
538 543 -54.000000
539 540 -107.000000
539 541 -48.000000
539 542 94.000000
539 543 -9.000000
544 548 33.000000
544 549 -47.000000
544 550 -34.000000
544 551 8.000000
545 548 -109.000000
545 549 95.000000
545 550 77.000000
545 551 89.000000
546 548 -40.000000
546 549 -86.000000
546 550 86.000000
546 551 3.000000
547 548 -95.000000
547 549 -73.000000
547 550 -120.000000
547 551 -50.000000
552 556 126.000000
552 557 45.000000
552 558 -53.000000
552 559 -69.000000
553 556 -56.000000
553 557 75.000000
553 558 97.000000
553 559 -18.000000
554 556 -113.000000
554 557 97.000000
554 558 107.000000
554 559 9.000000
555 556 15.000000
555 557 119.000000
555 558 28.000000
555 559 -31.000000
560 564 1.000000
560 565 34.000000
560 566 -118.000000
560 567 71.000000
561 564 -2.000000
561 565 -42.000000
561 566 -46.000000
561 567 90.000000
562 564 -19.000000
562 565 -101.000000
562 566 32.000000
562 567 64.000000
563 564 -48.000000
563 565 44.000000
563 566 87.000000
563 567 84.000000
568 572 -5.000000
568 573 -5.000000
568 574 84.000000
568 575 32.000000
569 572 -93.000000
569 573 -40.000000
569 574 -108.000000
569 575 41.000000
570 572 54.000000
570 573 -115.000000
570 574 -100.000000
570 575 122.000000
571 572 97.000000
571 573 78.000000
571 574 95.000000
571 575 -16.000000
576 580 -16.000000
576 581 -85.000000
576 582 -95.000000
576 583 -34.000000
577 580 53.000000
577 581 -63.000000
577 582 -67.000000
577 583 -23.000000
578 580 -102.000000
578 581 -69.000000
578 582 61.000000
578 583 -85.000000
579 580 -84.000000
579 581 -78.000000
579 582 60.000000
579 583 14.000000
584 588 105.000000
584 589 -24.000000
584 590 78.000000
584 591 124.000000
585 588 121.000000
585 589 -20.000000
585 590 20.000000
585 591 45.000000
586 588 -45.000000
586 589 -59.000000
586 590 -33.000000
586 591 119.000000
587 588 -34.000000
587 589 -16.000000
587 590 27.000000
587 591 25.000000
592 596 119.000000
592 597 68.000000
592 598 -96.000000
592 599 57.000000
593 596 -99.000000
593 597 -7.000000
593 598 102.000000
593 599 -103.000000
594 596 -21.000000
594 597 -108.000000
594 598 25.000000
594 599 19.000000
595 596 -33.000000
595 597 -24.000000
595 598 55.000000
595 599 -55.000000
600 604 80.000000
600 605 100.000000
600 606 -43.000000
600 607 -2.000000
601 604 -80.000000
601 605 124.000000
601 606 -43.000000
601 607 65.000000
602 604 -109.000000
602 605 92.000000
602 606 1.000000
602 607 -64.000000
603 604 -9.000000
603 605 -84.000000
603 606 -118.000000
603 607 -93.000000
608 612 -117.000000
608 613 -110.000000
608 614 -69.000000
608 615 30.000000
609 612 95.000000
609 613 68.000000
609 614 108.000000
609 615 56.000000
610 612 -34.000000
610 613 87.000000
610 614 -122.000000
610 615 -58.000000
611 612 -93.000000
611 613 -42.000000
611 614 -18.000000
611 615 -10.000000
616 620 56.000000
616 621 -31.000000
616 622 78.000000
616 623 10.000000
617 620 -77.000000
617 621 46.000000
617 622 -74.000000
617 623 11.000000
618 620 -114.000000
618 621 124.000000
618 622 111.000000
618 623 -87.000000
619 620 68.000000
619 621 15.000000
619 622 -7.000000
619 623 -84.000000
624 628 -126.000000
624 629 -51.000000
624 630 -38.000000
624 631 -113.000000
625 628 2.000000
625 629 -35.000000
625 630 125.000000
625 631 -38.000000
626 628 6.000000
626 629 83.000000
626 630 -79.000000
626 631 -48.000000
627 628 -34.000000
627 629 96.000000
627 630 62.000000
627 631 -94.000000
632 636 -30.000000
632 637 121.000000
632 638 69.000000
632 639 -45.000000
633 636 -2.000000
633 637 -1.000000
633 638 116.000000
633 639 -109.000000
634 636 -55.000000
634 637 94.000000
634 638 -90.000000
634 639 -17.000000
635 636 61.000000
635 637 29.000000
635 638 -21.000000
635 639 47.000000
640 644 -123.000000
640 645 -101.000000
640 646 11.000000
640 647 -117.000000
641 644 90.000000
641 645 -3.000000
641 646 -11.000000
641 647 64.000000
642 644 24.000000
642 645 54.000000
642 646 -29.000000
642 647 -102.000000
643 644 -40.000000
643 645 67.000000
643 646 -108.000000
643 647 94.000000
648 652 10.000000
648 653 -15.000000
648 654 -78.000000
648 655 8.000000
649 652 -104.000000
649 653 117.000000
649 654 104.000000
649 655 27.000000
650 652 60.000000
650 653 -98.000000
650 654 16.000000
650 655 -33.000000
651 652 58.000000
651 653 98.000000
651 654 61.000000
651 655 -125.000000
656 660 -124.000000
656 661 66.000000
656 662 -127.000000
656 663 -105.000000
657 660 -74.000000
657 661 -74.000000
657 662 -123.000000
657 663 -35.000000
658 660 53.000000
658 661 -7.000000
658 662 -68.000000
658 663 106.000000
659 660 114.000000
659 661 19.000000
659 662 6.000000
659 663 101.000000
664 668 12.000000
664 669 -59.000000
664 670 -104.000000
664 671 105.000000
665 668 -105.000000
665 669 -85.000000
665 670 16.000000
665 671 20.000000
666 668 123.000000
666 669 120.000000
666 670 49.000000
666 671 44.000000
667 668 39.000000
667 669 -74.000000
667 670 62.000000
667 671 -37.000000
672 676 78.000000
672 677 75.000000
672 678 114.000000
672 679 89.000000
673 676 -87.000000
673 677 65.000000
673 678 29.000000
673 679 26.000000
674 676 102.000000
674 677 -70.000000
674 678 108.000000
674 679 -50.000000
675 676 -39.000000
675 677 55.000000
675 678 -27.000000
675 679 -29.000000
680 684 -51.000000
680 685 -15.000000
680 686 -20.000000
680 687 -112.000000
681 684 -13.000000
681 685 72.000000
681 686 125.000000
681 687 56.000000
682 684 107.000000
682 685 -106.000000
682 686 -102.000000
682 687 97.000000
683 684 8.000000
683 685 -97.000000
683 686 -107.000000
683 687 122.000000
688 692 93.000000
688 693 -42.000000
688 694 96.000000
688 695 -74.000000
689 692 -67.000000
689 693 -14.000000
689 694 -107.000000
689 695 -20.000000
690 692 -51.000000
690 693 -37.000000
690 694 10.000000
690 695 -14.000000
691 692 -14.000000
691 693 -35.000000
691 694 -101.000000
691 695 6.000000
696 700 -30.000000
696 701 -43.000000
696 702 73.000000
696 703 97.000000
697 700 -126.000000
697 701 68.000000
697 702 -36.000000
697 703 -47.000000
698 700 69.000000
698 701 -86.000000
698 702 -72.000000
698 703 79.000000
699 700 83.000000
699 701 61.000000
699 702 -15.000000
699 703 -113.000000
704 708 -105.000000
704 709 -33.000000
704 710 1.000000
704 711 46.000000
705 708 -104.000000
705 709 -87.000000
705 710 -57.000000
705 711 -81.000000
706 708 72.000000
706 709 -68.000000
706 710 -4.000000
706 711 -85.000000
707 708 -124.000000
707 709 6.000000
707 710 -76.000000
707 711 -39.000000
712 716 122.000000
712 717 -86.000000
712 718 66.000000
712 719 -104.000000
713 716 102.000000
713 717 38.000000
713 718 -60.000000
713 719 21.000000
714 716 6.000000
714 717 -11.000000
714 718 -90.000000
714 719 94.000000
715 716 -105.000000
715 717 -82.000000
715 718 66.000000
715 719 -81.000000
720 724 -56.000000
720 725 -46.000000
720 726 27.000000
720 727 -12.000000
721 724 -76.000000
721 725 24.000000
721 726 -15.000000
721 727 3.000000
722 724 -123.000000
722 725 -29.000000
722 726 92.000000
722 727 36.000000
723 724 78.000000
723 725 97.000000
723 726 -102.000000
723 727 -67.000000
728 732 -80.000000
728 733 127.000000
728 734 125.000000
728 735 99.000000
729 732 -51.000000
729 733 -72.000000
729 734 -38.000000
729 735 85.000000
730 732 -63.000000
730 733 110.000000
730 734 -101.000000
730 735 79.000000
731 732 119.000000
731 733 51.000000
731 734 97.000000
731 735 -106.000000
736 740 86.000000
736 741 20.000000
736 742 115.000000
736 743 -21.000000
737 740 -105.000000
737 741 -95.000000
737 742 -23.000000
737 743 40.000000
738 740 -30.000000
738 741 -103.000000
738 742 -24.000000
738 743 38.000000
739 740 93.000000
739 741 -99.000000
739 742 61.000000
739 743 94.000000
744 748 -47.000000
744 749 94.000000
744 750 89.000000
744 751 -56.000000
745 748 70.000000
745 749 65.000000
745 750 -66.000000
745 751 -41.000000
746 748 110.000000
746 749 -90.000000
746 750 -61.000000
746 751 4.000000
747 748 79.000000
747 749 71.000000
747 750 -44.000000
747 751 15.000000
752 756 -8.000000
752 757 -107.000000
752 758 86.000000
752 759 18.000000
753 756 49.000000
753 757 -104.000000
753 758 52.000000
753 759 -75.000000
754 756 -33.000000
754 757 24.000000
754 758 -29.000000
754 759 -103.000000
755 756 -121.000000
755 757 -103.000000
755 758 84.000000
755 759 110.000000
760 764 90.000000
760 765 -43.000000
760 766 -108.000000
760 767 -69.000000
761 764 -15.000000
761 765 -8.000000
761 766 -54.000000
761 767 92.000000
762 764 111.000000
762 765 -37.000000
762 766 -6.000000
762 767 -118.000000
763 764 -50.000000
763 765 27.000000
763 766 76.000000
763 767 -80.000000
768 772 82.000000
768 773 -78.000000
768 774 47.000000
768 775 -74.000000
769 772 48.000000
769 773 111.000000
769 774 28.000000
769 775 44.000000
770 772 54.000000
770 773 22.000000
770 774 84.000000
770 775 -50.000000
771 772 -90.000000
771 773 4.000000
771 774 69.000000
771 775 -75.000000
776 780 70.000000
776 781 -68.000000
776 782 -36.000000
776 783 41.000000
777 780 87.000000
777 781 49.000000
777 782 90.000000
777 783 125.000000
778 780 45.000000
778 781 -59.000000
778 782 16.000000
778 783 117.000000
779 780 40.000000
779 781 15.000000
779 782 -68.000000
779 783 -106.000000
784 788 106.000000
784 789 117.000000
784 790 44.000000
784 791 -81.000000
785 788 38.000000
785 789 109.000000
785 790 -94.000000
785 791 127.000000
786 788 -110.000000
786 789 122.000000
786 790 22.000000
786 791 -94.000000
787 788 -88.000000
787 789 -26.000000
787 790 -53.000000
787 791 -21.000000
792 796 34.000000
792 797 -30.000000
792 798 23.000000
792 799 -79.000000
793 796 -104.000000
793 797 52.000000
793 798 24.000000
793 799 72.000000
794 796 100.000000
794 797 -122.000000
794 798 -33.000000
794 799 -38.000000
795 796 -52.000000
795 797 4.000000
795 798 -51.000000
795 799 127.000000
800 804 -17.000000
800 805 33.000000
800 806 -123.000000
800 807 83.000000
801 804 -28.000000
801 805 33.000000
801 806 -41.000000
801 807 -48.000000
802 804 -26.000000
802 805 117.000000
802 806 -113.000000
802 807 35.000000
803 804 74.000000
803 805 6.000000
803 806 -54.000000
803 807 72.000000
808 812 -10.000000
808 813 93.000000
808 814 72.000000
808 815 95.000000
809 812 39.000000
809 813 -15.000000
809 814 95.000000
809 815 84.000000
810 812 -80.000000
810 813 -34.000000
810 814 -85.000000
810 815 86.000000
811 812 90.000000
811 813 -12.000000
811 814 -79.000000
811 815 -69.000000
816 820 -52.000000
816 821 76.000000
816 822 67.000000
816 823 -78.000000
817 820 -34.000000
817 821 -49.000000
817 822 -11.000000
817 823 104.000000
818 820 55.000000
818 821 11.000000
818 822 -62.000000
818 823 34.000000
819 820 51.000000
819 821 23.000000
819 822 120.000000
819 823 -74.000000
824 828 -110.000000
824 829 23.000000
824 830 57.000000
824 831 10.000000
825 828 -49.000000
825 829 67.000000
825 830 -40.000000
825 831 13.000000
826 828 38.000000
826 829 -97.000000
826 830 -111.000000
826 831 -99.000000
827 828 32.000000
827 829 20.000000
827 830 -77.000000
827 831 -51.000000
832 836 -100.000000
832 837 83.000000
832 838 -29.000000
832 839 95.000000
833 836 -8.000000
833 837 127.000000
833 838 -70.000000
833 839 5.000000
834 836 -19.000000
834 837 -54.000000
834 838 -95.000000
834 839 -19.000000
835 836 -19.000000
835 837 -6.000000
835 838 116.000000
835 839 -3.000000
840 844 112.000000
840 845 92.000000
840 846 -42.000000
840 847 -90.000000
841 844 -94.000000
841 845 87.000000
841 846 93.000000
841 847 126.000000
842 844 -56.000000
842 845 104.000000
842 846 -77.000000
842 847 -6.000000
843 844 -18.000000
843 845 38.000000
843 846 -51.000000
843 847 77.000000
848 852 125.000000
848 853 -49.000000
848 854 92.000000
848 855 80.000000
849 852 84.000000
849 853 -77.000000
849 854 122.000000
849 855 25.000000
850 852 119.000000
850 853 -65.000000
850 854 108.000000
850 855 -11.000000
851 852 -66.000000
851 853 -122.000000
851 854 -80.000000
851 855 24.000000
856 860 95.000000
856 861 -107.000000
856 862 -59.000000
856 863 -117.000000
857 860 -90.000000
857 861 -56.000000
857 862 125.000000
857 863 6.000000
858 860 -58.000000
858 861 -40.000000
858 862 125.000000
858 863 -27.000000
859 860 82.000000
859 861 51.000000
859 862 75.000000
859 863 102.000000
864 868 3.000000
864 869 -101.000000
864 870 5.000000
864 871 60.000000
865 868 -6.000000
865 869 50.000000
865 870 -52.000000
865 871 111.000000
866 868 109.000000
866 869 -3.000000
866 870 57.000000
866 871 41.000000
867 868 -41.000000
867 869 -44.000000
867 870 -23.000000
867 871 14.000000
872 876 -90.000000
872 877 70.000000
872 878 -53.000000
872 879 -52.000000
873 876 108.000000
873 877 61.000000
873 878 -13.000000
873 879 125.000000
874 876 -50.000000
874 877 -92.000000
874 878 -21.000000
874 879 -108.000000
875 876 -80.000000
875 877 25.000000
875 878 25.000000
875 879 -119.000000
880 884 -17.000000
880 885 -73.000000
880 886 -62.000000
880 887 119.000000
881 884 82.000000
881 885 -58.000000
881 886 87.000000
881 887 72.000000
882 884 -40.000000
882 885 -115.000000
882 886 -24.000000
882 887 105.000000
883 884 103.000000
883 885 70.000000
883 886 32.000000
883 887 -106.000000
888 892 121.000000
888 893 -101.000000
888 894 -33.000000
888 895 -81.000000
889 892 8.000000
889 893 73.000000
889 894 50.000000
889 895 102.000000
890 892 36.000000
890 893 -14.000000
890 894 33.000000
890 895 -27.000000
891 892 104.000000
891 893 126.000000
891 894 22.000000
891 895 -48.000000
896 900 -13.000000
896 901 -54.000000
896 902 96.000000
896 903 -31.000000
897 900 -121.000000
897 901 69.000000
897 902 -103.000000
897 903 124.000000
898 900 108.000000
898 901 -54.000000
898 902 103.000000
898 903 20.000000
899 900 -41.000000
899 901 80.000000
899 902 -107.000000
899 903 62.000000
904 908 5.000000
904 909 -28.000000
904 910 -106.000000
904 911 -76.000000
905 908 18.000000
905 909 -6.000000
905 910 -44.000000
905 911 107.000000
906 908 114.000000
906 909 29.000000
906 910 -104.000000
906 911 34.000000
907 908 51.000000
907 909 64.000000
907 910 96.000000
907 911 5.000000
912 916 -104.000000
912 917 -65.000000
912 918 -81.000000
912 919 -37.000000
913 916 -5.000000
913 917 67.000000
913 918 -20.000000
913 919 57.000000
914 916 -78.000000
914 917 80.000000
914 918 -125.000000
914 919 -63.000000
915 916 -82.000000
915 917 -69.000000
915 918 115.000000
915 919 15.000000
920 924 96.000000
920 925 30.000000
920 926 -75.000000
920 927 4.000000
921 924 85.000000
921 925 119.000000
921 926 -115.000000
921 927 -94.000000
922 924 -125.000000
922 925 -111.000000
922 926 -15.000000
922 927 -35.000000
923 924 37.000000
923 925 -11.000000
923 926 -33.000000
923 927 99.000000
928 932 87.000000
928 933 42.000000
928 934 44.000000
928 935 -96.000000
929 932 -115.000000
929 933 -88.000000
929 934 -119.000000
929 935 24.000000
930 932 -84.000000
930 933 111.000000
930 934 -45.000000
930 935 -51.000000
931 932 104.000000
931 933 -88.000000
931 934 -69.000000
931 935 2.000000
936 940 53.000000
936 941 45.000000
936 942 -80.000000
936 943 88.000000
937 940 93.000000
937 941 -27.000000
937 942 94.000000
937 943 65.000000
938 940 49.000000
938 941 14.000000
938 942 49.000000
938 943 -30.000000
939 940 117.000000
939 941 26.000000
939 942 -41.000000
939 943 -70.000000
944 948 -69.000000
944 949 -45.000000
944 950 119.000000
944 951 -73.000000
945 948 -45.000000
945 949 33.000000
945 950 -5.000000
945 951 -53.000000
946 948 9.000000
946 949 -2.000000
946 950 -122.000000
946 951 -73.000000
947 948 -5.000000
947 949 17.000000
947 950 -124.000000
947 951 -122.000000
952 956 65.000000
952 957 63.000000
952 958 -44.000000
952 959 -5.000000
953 956 90.000000
953 957 90.000000
953 958 117.000000
953 959 12.000000
954 956 -73.000000
954 957 38.000000
954 958 -28.000000
954 959 34.000000
955 956 -73.000000
955 957 68.000000
955 958 -1.000000
955 959 118.000000
960 964 -101.000000
960 965 113.000000
960 966 52.000000
960 967 -96.000000
961 964 -2.000000
961 965 100.000000
961 966 -73.000000
961 967 99.000000
962 964 -115.000000
962 965 -69.000000
962 966 -102.000000
962 967 38.000000
963 964 -18.000000
963 965 108.000000
963 966 32.000000
963 967 -67.000000
968 972 8.000000
968 973 13.000000
968 974 25.000000
968 975 -65.000000
969 972 -31.000000
969 973 -8.000000
969 974 -12.000000
969 975 -105.000000
970 972 98.000000
970 973 117.000000
970 974 14.000000
970 975 -111.000000
971 972 -124.000000
971 973 32.000000
971 974 -37.000000
971 975 25.000000
976 980 6.000000
976 981 -95.000000
976 982 2.000000
976 983 47.000000
977 980 -52.000000
977 981 127.000000
977 982 -24.000000
977 983 37.000000
978 980 15.000000
978 981 58.000000
978 982 -53.000000
978 983 50.000000
979 980 107.000000
979 981 -61.000000
979 982 36.000000
979 983 52.000000
984 988 -107.000000
984 989 -63.000000
984 990 26.000000
984 991 5.000000
985 988 -28.000000
985 989 123.000000
985 990 -91.000000
985 991 37.000000
986 988 58.000000
986 989 -125.000000
986 990 110.000000
986 991 -7.000000
987 988 105.000000
987 989 -97.000000
987 990 10.000000
987 991 -38.000000
992 996 -23.000000
992 997 88.000000
992 998 75.000000
992 999 108.000000
993 996 -87.000000
993 997 18.000000
993 998 126.000000
993 999 -13.000000
994 996 5.000000
994 997 22.000000
994 998 -41.000000
994 999 68.000000
995 996 80.000000
995 997 -23.000000
995 998 -41.000000
995 999 -69.000000
1000 1004 -17.000000
1000 1005 94.000000
1000 1006 113.000000
1000 1007 -66.000000
1001 1004 41.000000
1001 1005 -98.000000
1001 1006 -2.000000
1001 1007 -87.000000
1002 1004 120.000000
1002 1005 -113.000000
1002 1006 113.000000
1002 1007 -43.000000
1003 1004 -74.000000
1003 1005 -18.000000
1003 1006 100.000000
1003 1007 -42.000000
1008 1012 -98.000000
1008 1013 80.000000
1008 1014 -66.000000
1008 1015 4.000000
1009 1012 85.000000
1009 1013 -10.000000
1009 1014 -84.000000
1009 1015 76.000000
1010 1012 54.000000
1010 1013 -84.000000
1010 1014 -90.000000
1010 1015 103.000000
1011 1012 -39.000000
1011 1013 -14.000000
1011 1014 -54.000000
1011 1015 1.000000
1016 1020 47.000000
1016 1021 91.000000
1016 1022 82.000000
1016 1023 -82.000000
1017 1020 51.000000
1017 1021 -108.000000
1017 1022 45.000000
1017 1023 66.000000
1018 1020 -93.000000
1018 1021 9.000000
1018 1022 -5.000000
1018 1023 -90.000000
1019 1020 -79.000000
1019 1021 -55.000000
1019 1022 -23.000000
1019 1023 -20.000000
1024 1028 -126.000000
1024 1029 45.000000
1024 1030 -60.000000
1024 1031 -102.000000
1025 1028 -83.000000
1025 1029 109.000000
1025 1030 123.000000
1025 1031 -89.000000
1026 1028 54.000000
1026 1029 8.000000
1026 1030 64.000000
1026 1031 -93.000000
1027 1028 57.000000
1027 1029 11.000000
1027 1030 -66.000000
1027 1031 -13.000000
1032 1036 124.000000
1032 1037 -1.000000
1032 1038 49.000000
1032 1039 31.000000
1033 1036 -50.000000
1033 1037 122.000000
1033 1038 -36.000000
1033 1039 -116.000000
1034 1036 -44.000000
1034 1037 3.000000
1034 1038 -85.000000
1034 1039 105.000000
1035 1036 -107.000000
1035 1037 -85.000000
1035 1038 -1.000000
1035 1039 86.000000
1040 1044 -12.000000
1040 1045 -45.000000
1040 1046 45.000000
1040 1047 47.000000
1041 1044 71.000000
1041 1045 -122.000000
1041 1046 107.000000
1041 1047 59.000000
1042 1044 98.000000
1042 1045 105.000000
1042 1046 -22.000000
1042 1047 -53.000000
1043 1044 -53.000000
1043 1045 22.000000
1043 1046 -91.000000
1043 1047 50.000000
1048 1052 58.000000
1048 1053 10.000000
1048 1054 25.000000
1048 1055 61.000000
1049 1052 80.000000
1049 1053 -74.000000
1049 1054 22.000000
1049 1055 -57.000000
1050 1052 -59.000000
1050 1053 23.000000
1050 1054 99.000000
1050 1055 72.000000
1051 1052 69.000000
1051 1053 -77.000000
1051 1054 65.000000
1051 1055 118.000000
1056 1060 76.000000
1056 1061 89.000000
1056 1062 -40.000000
1056 1063 -60.000000
1057 1060 -52.000000
1057 1061 -35.000000
1057 1062 -123.000000
1057 1063 -50.000000
1058 1060 101.000000
1058 1061 -117.000000
1058 1062 12.000000
1058 1063 96.000000
1059 1060 19.000000
1059 1061 95.000000
1059 1062 19.000000
1059 1063 62.000000
1064 1068 -77.000000
1064 1069 58.000000
1064 1070 -20.000000
1064 1071 -99.000000
1065 1068 -108.000000
1065 1069 -10.000000
1065 1070 -73.000000
1065 1071 -13.000000
1066 1068 122.000000
1066 1069 117.000000
1066 1070 -54.000000
1066 1071 77.000000
1067 1068 -105.000000
1067 1069 -13.000000
1067 1070 -121.000000
1067 1071 89.000000
1072 1076 -81.000000
1072 1077 42.000000
1072 1078 -113.000000
1072 1079 36.000000
1073 1076 3.000000
1073 1077 -52.000000
1073 1078 -95.000000
1073 1079 -120.000000
1074 1076 49.000000
1074 1077 -79.000000
1074 1078 43.000000
1074 1079 23.000000
1075 1076 -57.000000
1075 1077 -16.000000
1075 1078 -93.000000
1075 1079 104.000000
1080 1084 100.000000
1080 1085 2.000000
1080 1086 31.000000
1080 1087 -42.000000
1081 1084 -66.000000
1081 1085 100.000000
1081 1086 13.000000
1081 1087 -107.000000
1082 1084 -51.000000
1082 1085 19.000000
1082 1086 78.000000
1082 1087 113.000000
1083 1084 60.000000
1083 1085 -49.000000
1083 1086 90.000000
1083 1087 54.000000
1088 1092 34.000000
1088 1093 -19.000000
1088 1094 77.000000
1088 1095 -90.000000
1089 1092 -17.000000
1089 1093 32.000000
1089 1094 -3.000000
1089 1095 73.000000
1090 1092 61.000000
1090 1093 19.000000
1090 1094 108.000000
1090 1095 -2.000000
1091 1092 -116.000000
1091 1093 57.000000
1091 1094 58.000000
1091 1095 -12.000000
1096 1100 -23.000000
1096 1101 -20.000000
1096 1102 -81.000000
1096 1103 -97.000000
1097 1100 28.000000
1097 1101 -101.000000
1097 1102 123.000000
1097 1103 75.000000
1098 1100 -113.000000
1098 1101 -43.000000
1098 1102 80.000000
1098 1103 6.000000
1099 1100 77.000000
1099 1101 19.000000
1099 1102 -30.000000
1099 1103 97.000000
1104 1108 44.000000
1104 1109 -15.000000
1104 1110 -90.000000
1104 1111 70.000000
1105 1108 -88.000000
1105 1109 4.000000
1105 1110 81.000000
1105 1111 123.000000
1106 1108 35.000000
1106 1109 24.000000
1106 1110 73.000000
1106 1111 -47.000000
1107 1108 -83.000000
1107 1109 20.000000
1107 1110 -88.000000
1107 1111 28.000000
1112 1116 98.000000
1112 1117 -112.000000
1112 1118 10.000000
1112 1119 26.000000
1113 1116 98.000000
1113 1117 -45.000000
1113 1118 -90.000000
1113 1119 -101.000000
1114 1116 -70.000000
1114 1117 102.000000
1114 1118 -17.000000
1114 1119 -29.000000
1115 1116 79.000000
1115 1117 76.000000
1115 1118 22.000000
1115 1119 26.000000
1120 1124 10.000000
1120 1125 -27.000000
1120 1126 65.000000
1120 1127 -108.000000
1121 1124 72.000000
1121 1125 61.000000
1121 1126 49.000000
1121 1127 22.000000
1122 1124 22.000000
1122 1125 118.000000
1122 1126 -2.000000
1122 1127 3.000000
1123 1124 -51.000000
1123 1125 -102.000000
1123 1126 -46.000000
1123 1127 47.000000
1128 1132 10.000000
1128 1133 -58.000000
1128 1134 -125.000000
1128 1135 84.000000
1129 1132 47.000000
1129 1133 87.000000
1129 1134 -43.000000
1129 1135 -70.000000
1130 1132 89.000000
1130 1133 -95.000000
1130 1134 -55.000000
1130 1135 -34.000000
1131 1132 -39.000000
1131 1133 34.000000
1131 1134 -126.000000
1131 1135 -5.000000
1136 1140 -26.000000
1136 1141 66.000000
1136 1142 92.000000
1136 1143 -69.000000
1137 1140 -40.000000
1137 1141 -89.000000
1137 1142 1.000000
1137 1143 -11.000000
1138 1140 67.000000
1138 1141 35.000000
1138 1142 -66.000000
1138 1143 99.000000
1139 1140 -67.000000
1139 1141 -54.000000
1139 1142 76.000000
1139 1143 66.000000
1144 1148 103.000000
1144 1149 109.000000
1144 1150 18.000000
1144 1151 -61.000000
1145 1148 -77.000000
1145 1149 -123.000000
1145 1150 30.000000
1145 1151 -15.000000
1146 1148 -95.000000
1146 1149 -90.000000
1146 1150 109.000000
1146 1151 -2.000000
1147 1148 -49.000000
1147 1149 98.000000
1147 1150 -88.000000
1147 1151 -90.000000
0 8 31.000000
8 16 122.000000
16 24 120.000000
24 32 -89.000000
32 40 -62.000000
40 48 123.000000
48 56 -66.000000
56 64 51.000000
64 72 -59.000000
72 80 57.000000
80 88 65.000000
96 104 73.000000
104 112 97.000000
112 120 -102.000000
120 128 70.000000
128 136 113.000000
136 144 127.000000
144 152 -5.000000
152 160 -27.000000
160 168 -37.000000
168 176 -26.000000
176 184 43.000000
192 200 34.000000
200 208 123.000000
208 216 -98.000000
216 224 116.000000
224 232 -95.000000
232 240 -5.000000
240 248 -95.000000
248 256 113.000000
256 264 -27.000000
264 272 121.000000
272 280 -70.000000
288 296 -120.000000
296 304 -75.000000
304 312 49.000000
312 320 -53.000000
320 328 64.000000
328 336 41.000000
336 344 35.000000
344 352 96.000000
352 360 39.000000
360 368 -76.000000
368 376 -118.000000
384 392 -14.000000
392 400 -64.000000
400 408 58.000000
408 416 49.000000
416 424 46.000000
424 432 88.000000
432 440 -62.000000
440 448 94.000000
448 456 83.000000
456 464 57.000000
464 472 73.000000
480 488 -127.000000
488 496 -98.000000
496 504 103.000000
504 512 -72.000000
512 520 72.000000
520 528 54.000000
528 536 108.000000
536 544 -64.000000
544 552 103.000000
552 560 -70.000000
560 568 -95.000000
576 584 55.000000
584 592 -102.000000
592 600 74.000000
600 608 125.000000
608 616 -114.000000
616 624 -52.000000
624 632 26.000000
632 640 121.000000
640 648 105.000000
648 656 -39.000000
656 664 65.000000
672 680 125.000000
680 688 -48.000000
688 696 95.000000
696 704 27.000000
704 712 -105.000000
712 720 -106.000000
720 728 83.000000
728 736 110.000000
736 744 -55.000000
744 752 -61.000000
752 760 -37.000000
768 776 -118.000000
776 784 40.000000
784 792 88.000000
792 800 -109.000000
800 808 -90.000000
808 816 10.000000
816 824 79.000000
824 832 -111.000000
832 840 -30.000000
840 848 -51.000000
848 856 -39.000000
864 872 44.000000
872 880 -77.000000
880 888 94.000000
888 896 -69.000000
896 904 88.000000
904 912 -25.000000
912 920 -10.000000
920 928 70.000000
928 936 121.000000
936 944 89.000000
944 952 -34.000000
960 968 -99.000000
968 976 -1.000000
976 984 96.000000
984 992 120.000000
992 1000 48.000000
1000 1008 -4.000000
1008 1016 -125.000000
1016 1024 118.000000
1024 1032 92.000000
1032 1040 109.000000
1040 1048 62.000000
1056 1064 77.000000
1064 1072 -101.000000
1072 1080 20.000000
1080 1088 56.000000
1088 1096 93.000000
1096 1104 -61.000000
1104 1112 -12.000000
1112 1120 17.000000
1120 1128 -19.000000
1128 1136 -31.000000
1136 1144 -46.000000
1 9 111.000000
9 17 -78.000000
17 25 -98.000000
25 33 -40.000000
33 41 -43.000000
41 49 19.000000
49 57 42.000000
57 65 -70.000000
65 73 74.000000
73 81 -100.000000
81 89 -1.000000
97 105 -19.000000
105 113 -98.000000
113 121 -58.000000
121 129 -44.000000
129 137 -12.000000
137 145 122.000000
145 153 -86.000000
153 161 -14.000000
161 169 -115.000000
169 177 97.000000
177 185 71.000000
193 201 28.000000
201 209 83.000000
209 217 40.000000
217 225 -100.000000
225 233 -30.000000
233 241 41.000000
241 249 -13.000000
249 257 -111.000000
257 265 65.000000
265 273 -74.000000
273 281 69.000000
289 297 -16.000000
297 305 -5.000000
305 313 -10.000000
313 321 121.000000
321 329 95.000000
329 337 -85.000000
337 345 114.000000
345 353 97.000000
353 361 28.000000
361 369 -70.000000
369 377 -102.000000
385 393 31.000000
393 401 2.000000
401 409 65.000000
409 417 -20.000000
417 425 91.000000
425 433 87.000000
433 441 30.000000
441 449 -61.000000
449 457 -32.000000
457 465 36.000000
465 473 -62.000000
481 489 -96.000000
489 497 -100.000000
497 505 15.000000
505 513 49.000000
513 521 -107.000000
521 529 66.000000
529 537 -31.000000
537 545 -48.000000
545 553 -119.000000
553 561 -77.000000
561 569 -89.000000
577 585 30.000000
585 593 -113.000000
593 601 -26.000000
601 609 34.000000
609 617 -26.000000
617 625 -110.000000
625 633 110.000000
633 641 -32.000000
641 649 -105.000000
649 657 101.000000
657 665 -111.000000
673 681 -22.000000
681 689 -46.000000
689 697 -25.000000
697 705 -83.000000
705 713 -85.000000
713 721 119.000000
721 729 -30.000000
729 737 -66.000000
737 745 -96.000000
745 753 -58.000000
753 761 89.000000
769 777 59.000000
777 785 -62.000000
785 793 116.000000
793 801 -62.000000
801 809 -31.000000
809 817 -122.000000
817 825 88.000000
825 833 55.000000
833 841 -116.000000
841 849 11.000000
849 857 -65.000000
865 873 108.000000
873 881 -96.000000
881 889 94.000000
889 897 19.000000
897 905 -49.000000
905 913 24.000000
913 921 96.000000
921 929 9.000000
929 937 111.000000
937 945 -97.000000
945 953 100.000000
961 969 115.000000
969 977 -91.000000
977 985 -31.000000
985 993 -68.000000
993 1001 6.000000
1001 1009 -98.000000
1009 1017 -116.000000
1017 1025 110.000000
1025 1033 102.000000
1033 1041 67.000000
1041 1049 -5.000000
1057 1065 -2.000000
1065 1073 -56.000000
1073 1081 29.000000
1081 1089 81.000000
1089 1097 73.000000
1097 1105 19.000000
1105 1113 29.000000
1113 1121 2.000000
1121 1129 17.000000
1129 1137 8.000000
1137 1145 100.000000
2 10 34.000000
10 18 121.000000
18 26 105.000000
26 34 -117.000000
34 42 94.000000
42 50 106.000000
50 58 -95.000000
58 66 39.000000
66 74 126.000000
74 82 -101.000000
82 90 -12.000000
98 106 66.000000
106 114 89.000000
114 122 -12.000000
122 130 44.000000
130 138 84.000000
138 146 57.000000
146 154 61.000000
154 162 10.000000
162 170 -127.000000
170 178 -33.000000
178 186 -109.000000
194 202 -96.000000
202 210 -33.000000
210 218 -124.000000
218 226 103.000000
226 234 126.000000
234 242 -21.000000
242 250 -99.000000
250 258 -39.000000
258 266 -126.000000
266 274 -84.000000
274 282 72.000000
290 298 -73.000000
298 306 -59.000000
306 314 -40.000000
314 322 -33.000000
322 330 75.000000
330 338 -42.000000
338 346 87.000000
346 354 96.000000
354 362 37.000000
362 370 -87.000000
370 378 37.000000
386 394 -72.000000
394 402 -74.000000
402 410 -62.000000
410 418 109.000000
418 426 -39.000000
426 434 70.000000
434 442 117.000000
442 450 44.000000
450 458 123.000000
458 466 -15.000000
466 474 74.000000
482 490 50.000000
490 498 -27.000000
498 506 -1.000000
506 514 -8.000000
514 522 45.000000
522 530 97.000000
530 538 -6.000000
538 546 4.000000
546 554 -21.000000
554 562 32.000000
562 570 -122.000000
578 586 -56.000000
586 594 -26.000000
594 602 6.000000
602 610 63.000000
610 618 5.000000
618 626 -121.000000
626 634 71.000000
634 642 -10.000000
642 650 16.000000
650 658 13.000000
658 666 -20.000000
674 682 -7.000000
682 690 -123.000000
690 698 49.000000
698 706 109.000000
706 714 -23.000000
714 722 57.000000
722 730 72.000000
730 738 -72.000000
738 746 6.000000
746 754 111.000000
754 762 92.000000
770 778 104.000000
778 786 115.000000
786 794 -3.000000
794 802 -95.000000
802 810 2.000000
810 818 -36.000000
818 826 120.000000
826 834 8.000000
834 842 111.000000
842 850 -122.000000
850 858 -70.000000
866 874 -94.000000
874 882 -56.000000
882 890 75.000000
890 898 89.000000
898 906 68.000000
906 914 -115.000000
914 922 -33.000000
922 930 -39.000000
930 938 11.000000
938 946 -86.000000
946 954 -28.000000
962 970 -114.000000
970 978 -36.000000
978 986 -57.000000
986 994 9.000000
994 1002 -79.000000
1002 1010 124.000000
1010 1018 -65.000000
1018 1026 22.000000
1026 1034 93.000000
1034 1042 -76.000000
1042 1050 -9.000000
1058 1066 61.000000
1066 1074 -100.000000
1074 1082 78.000000
1082 1090 101.000000
1090 1098 120.000000
1098 1106 -124.000000
1106 1114 -56.000000
1114 1122 41.000000
1122 1130 -35.000000
1130 1138 -31.000000
1138 1146 -101.000000
3 11 -86.000000
11 19 -105.000000
19 27 -84.000000
27 35 -115.000000
35 43 -18.000000
43 51 122.000000
51 59 -103.000000
59 67 -32.000000
67 75 -33.000000
75 83 -27.000000
83 91 35.000000
99 107 -65.000000
107 115 11.000000
115 123 -50.000000
123 131 115.000000
131 139 111.000000
139 147 18.000000
147 155 100.000000
155 163 125.000000
163 171 -49.000000
171 179 1.000000
179 187 116.000000
195 203 98.000000
203 211 -44.000000
211 219 -27.000000
219 227 -24.000000
227 235 -17.000000
235 243 -127.000000
243 251 -44.000000
251 259 -51.000000
259 267 -63.000000
267 275 -88.000000
275 283 114.000000
291 299 29.000000
299 307 12.000000
307 315 110.000000
315 323 -103.000000
323 331 -99.000000
331 339 109.000000
339 347 -68.000000
347 355 -76.000000
355 363 -52.000000
363 371 43.000000
371 379 102.000000
387 395 83.000000
395 403 -101.000000
403 411 43.000000
411 419 82.000000
419 427 -113.000000
427 435 124.000000
435 443 -44.000000
443 451 -112.000000
451 459 77.000000
459 467 84.000000
467 475 81.000000
483 491 -50.000000
491 499 106.000000
499 507 -105.000000
507 515 17.000000
515 523 -92.000000
523 531 96.000000
531 539 110.000000
539 547 -118.000000
547 555 -31.000000
555 563 -31.000000
563 571 -75.000000
579 587 -7.000000
587 595 86.000000
595 603 -6.000000
603 611 125.000000
611 619 50.000000
619 627 107.000000
627 635 -14.000000
635 643 -33.000000
643 651 -27.000000
651 659 113.000000
659 667 46.000000
675 683 124.000000
683 691 -24.000000
691 699 -114.000000
699 707 47.000000
707 715 -120.000000
715 723 -120.000000
723 731 -119.000000
731 739 -96.000000
739 747 -76.000000
747 755 -21.000000
755 763 37.000000
771 779 -3.000000
779 787 -47.000000
787 795 42.000000
795 803 -16.000000
803 811 -119.000000
811 819 -106.000000
819 827 31.000000
827 835 -61.000000
835 843 -18.000000
843 851 -105.000000
851 859 115.000000
867 875 126.000000
875 883 70.000000
883 891 100.000000
891 899 -120.000000
899 907 115.000000
907 915 54.000000
915 923 -24.000000
923 931 58.000000
931 939 -39.000000
939 947 -42.000000
947 955 -56.000000
963 971 93.000000
971 979 -6.000000
979 987 26.000000
987 995 -111.000000
995 1003 -72.000000
1003 1011 -95.000000
1011 1019 -48.000000
1019 1027 -95.000000
1027 1035 -51.000000
1035 1043 -27.000000
1043 1051 99.000000
1059 1067 -57.000000
1067 1075 80.000000
1075 1083 71.000000
1083 1091 96.000000
1091 1099 -51.000000
1099 1107 -99.000000
1107 1115 28.000000
1115 1123 -31.000000
1123 1131 -1.000000
1131 1139 -105.000000
1139 1147 115.000000
4 100 18.000000
100 196 -49.000000
196 292 -28.000000
292 388 21.000000
388 484 117.000000
484 580 21.000000
580 676 -37.000000
676 772 48.000000
772 868 -73.000000
868 964 50.000000
964 1060 -18.000000
12 108 -32.000000
108 204 -73.000000
204 300 -23.000000
300 396 -118.000000
396 492 66.000000
492 588 -76.000000
588 684 52.000000
684 780 -55.000000
780 876 -95.000000
876 972 22.000000
972 1068 89.000000
20 116 62.000000
116 212 -38.000000
212 308 98.000000
308 404 -27.000000
404 500 -22.000000
500 596 -29.000000
596 692 -82.000000
692 788 -16.000000
788 884 -45.000000
884 980 56.000000
980 1076 52.000000
28 124 -81.000000
124 220 -51.000000
220 316 -126.000000
316 412 -19.000000
412 508 105.000000
508 604 88.000000
604 700 62.000000
700 796 95.000000
796 892 -30.000000
892 988 11.000000
988 1084 74.000000
36 132 -101.000000
132 228 28.000000
228 324 18.000000
324 420 122.000000
420 516 54.000000
516 612 32.000000
612 708 -114.000000
708 804 33.000000
804 900 -109.000000
900 996 -68.000000
996 1092 18.000000
44 140 -110.000000
140 236 -82.000000
236 332 -84.000000
332 428 62.000000
428 524 -56.000000
524 620 110.000000
620 716 -29.000000
716 812 23.000000
812 908 61.000000
908 1004 90.000000
1004 1100 -38.000000
52 148 -106.000000
148 244 57.000000
244 340 -72.000000
340 436 -12.000000
436 532 -118.000000
532 628 -65.000000
628 724 118.000000
724 820 29.000000
820 916 42.000000
916 1012 -63.000000
1012 1108 -17.000000
60 156 -16.000000
156 252 105.000000
252 348 -99.000000
348 444 -17.000000
444 540 127.000000
540 636 -71.000000
636 732 -66.000000
732 828 -44.000000
828 924 -96.000000
924 1020 48.000000
1020 1116 91.000000
68 164 -46.000000
164 260 -81.000000
260 356 -52.000000
356 452 -103.000000
452 548 -98.000000
548 644 91.000000
644 740 -50.000000
740 836 -7.000000
836 932 -63.000000
932 1028 46.000000
1028 1124 45.000000
76 172 -4.000000
172 268 -45.000000
268 364 -99.000000
364 460 -124.000000
460 556 121.000000
556 652 37.000000
652 748 -120.000000
748 844 -74.000000
844 940 -21.000000
940 1036 69.000000
1036 1132 -112.000000
84 180 38.000000
180 276 50.000000
276 372 100.000000
372 468 81.000000
468 564 -70.000000
564 660 89.000000
660 756 -56.000000
756 852 63.000000
852 948 -113.000000
948 1044 85.000000
1044 1140 -115.000000
92 188 -95.000000
188 284 29.000000
284 380 -97.000000
380 476 -91.000000
476 572 80.000000
572 668 -56.000000
668 764 -76.000000
764 860 -80.000000
860 956 28.000000
956 1052 112.000000
1052 1148 113.000000
5 101 -49.000000
101 197 83.000000
197 293 96.000000
293 389 41.000000
389 485 101.000000
485 581 9.000000
581 677 114.000000
677 773 90.000000
773 869 -43.000000
869 965 61.000000
965 1061 -28.000000
13 109 109.000000
109 205 29.000000
205 301 -106.000000
301 397 117.000000
397 493 45.000000
493 589 -11.000000
589 685 -57.000000
685 781 16.000000
781 877 -54.000000
877 973 96.000000
973 1069 101.000000
21 117 -32.000000
117 213 -24.000000
213 309 -90.000000
309 405 28.000000
405 501 -85.000000
501 597 -73.000000
597 693 9.000000
693 789 118.000000
789 885 -14.000000
885 981 -29.000000
981 1077 12.000000
29 125 115.000000
125 221 38.000000
221 317 -127.000000
317 413 -95.000000
413 509 71.000000
509 605 28.000000
605 701 64.000000
701 797 -35.000000
797 893 83.000000
893 989 -91.000000
989 1085 -96.000000
37 133 79.000000
133 229 -89.000000
229 325 -106.000000
325 421 100.000000
421 517 -50.000000
517 613 8.000000
613 709 1.000000
709 805 -76.000000
805 901 -107.000000
901 997 -85.000000
997 1093 97.000000
45 141 -100.000000
141 237 -95.000000
237 333 114.000000
333 429 -82.000000
429 525 -13.000000
525 621 34.000000
621 717 109.000000
717 813 -67.000000
813 909 120.000000
909 1005 41.000000
1005 1101 68.000000
53 149 126.000000
149 245 -127.000000
245 341 -28.000000
341 437 -95.000000
437 533 88.000000
533 629 120.000000
629 725 113.000000
725 821 -96.000000
821 917 -53.000000
917 1013 -92.000000
1013 1109 -66.000000
61 157 81.000000
157 253 -19.000000
253 349 -114.000000
349 445 -65.000000
445 541 99.000000
541 637 -62.000000
637 733 -32.000000
733 829 38.000000
829 925 78.000000
925 1021 -50.000000
1021 1117 44.000000
69 165 40.000000
165 261 -102.000000
261 357 -103.000000
357 453 35.000000
453 549 -123.000000
549 645 39.000000
645 741 45.000000
741 837 72.000000
837 933 78.000000
933 1029 -28.000000
1029 1125 -124.000000
77 173 93.000000
173 269 -42.000000
269 365 -23.000000
365 461 -96.000000
461 557 125.000000
557 653 61.000000
653 749 85.000000
749 845 -23.000000
845 941 70.000000
941 1037 -91.000000
1037 1133 -24.000000
85 181 -124.000000
181 277 101.000000
277 373 114.000000
373 469 70.000000
469 565 -52.000000
565 661 1.000000
661 757 62.000000
757 853 56.000000
853 949 73.000000
949 1045 31.000000
1045 1141 -10.000000
93 189 26.000000
189 285 -98.000000
285 381 -33.000000
381 477 59.000000
477 573 -54.000000
573 669 127.000000
669 765 -113.000000
765 861 -20.000000
861 957 -87.000000
957 1053 -74.000000
1053 1149 29.000000
6 102 94.000000
102 198 39.000000
198 294 -122.000000
294 390 -28.000000
390 486 -48.000000
486 582 19.000000
582 678 13.000000
678 774 -55.000000
774 870 -91.000000
870 966 118.000000
966 1062 119.000000
14 110 -67.000000
110 206 23.000000
206 302 66.000000
302 398 -105.000000
398 494 96.000000
494 590 -36.000000
590 686 101.000000
686 782 -59.000000
782 878 -17.000000
878 974 -46.000000
974 1070 -108.000000
22 118 77.000000
118 214 -3.000000
214 310 127.000000
310 406 -113.000000
406 502 -80.000000
502 598 120.000000
598 694 -78.000000
694 790 62.000000
790 886 -18.000000
886 982 -109.000000
982 1078 -21.000000
30 126 -74.000000
126 222 74.000000
222 318 -58.000000
318 414 -116.000000
414 510 43.000000
510 606 -57.000000
606 702 -81.000000
702 798 -21.000000
798 894 -38.000000
894 990 118.000000
990 1086 66.000000
38 134 80.000000
134 230 -106.000000
230 326 -15.000000
326 422 14.000000
422 518 25.000000
518 614 -114.000000
614 710 33.000000
710 806 -82.000000
806 902 -58.000000
902 998 -62.000000
998 1094 33.000000
46 142 26.000000
142 238 80.000000
238 334 18.000000
334 430 85.000000
430 526 -121.000000
526 622 68.000000
622 718 126.000000
718 814 -42.000000
814 910 -108.000000
910 1006 75.000000
1006 1102 -29.000000
54 150 115.000000
150 246 -112.000000
246 342 91.000000
342 438 16.000000
438 534 52.000000
534 630 -41.000000
630 726 104.000000
726 822 50.000000
822 918 126.000000
918 1014 81.000000
1014 1110 126.000000
62 158 -4.000000
158 254 75.000000
254 350 -90.000000
350 446 -62.000000
446 542 -112.000000
542 638 -84.000000
638 734 78.000000
734 830 6.000000
830 926 35.000000
926 1022 -125.000000
1022 1118 37.000000
70 166 117.000000
166 262 10.000000
262 358 120.000000
358 454 45.000000
454 550 34.000000
550 646 15.000000
646 742 -16.000000
742 838 -105.000000
838 934 -86.000000
934 1030 -110.000000
1030 1126 -58.000000
78 174 89.000000
174 270 -9.000000
270 366 96.000000
366 462 62.000000
462 558 -83.000000
558 654 82.000000
654 750 23.000000
750 846 -47.000000
846 942 49.000000
942 1038 -107.000000
1038 1134 -45.000000
86 182 -31.000000
182 278 64.000000
278 374 -104.000000
374 470 -23.000000
470 566 -89.000000
566 662 81.000000
662 758 98.000000
758 854 78.000000
854 950 -46.000000
950 1046 67.000000
1046 1142 125.000000
94 190 -67.000000
190 286 22.000000
286 382 -108.000000
382 478 35.000000
478 574 -107.000000
574 670 32.000000
670 766 46.000000
766 862 -64.000000
862 958 41.000000
958 1054 -43.000000
1054 1150 105.000000
7 103 -36.000000
103 199 28.000000
199 295 80.000000
295 391 -73.000000
391 487 -49.000000
487 583 104.000000
583 679 103.000000
679 775 46.000000
775 871 102.000000
871 967 -66.000000
967 1063 -51.000000
15 111 -13.000000
111 207 -43.000000
207 303 -122.000000
303 399 23.000000
399 495 89.000000
495 591 19.000000
591 687 -4.000000
687 783 -76.000000
783 879 31.000000
879 975 -64.000000
975 1071 42.000000
23 119 75.000000
119 215 48.000000
215 311 96.000000
311 407 -46.000000
407 503 89.000000
503 599 117.000000
599 695 -95.000000
695 791 -81.000000
791 887 75.000000
887 983 40.000000
983 1079 31.000000
31 127 -47.000000
127 223 94.000000
223 319 78.000000
319 415 -67.000000
415 511 -60.000000
511 607 71.000000
607 703 55.000000
703 799 -77.000000
799 895 -41.000000
895 991 23.000000
991 1087 33.000000
39 135 6.000000
135 231 91.000000
231 327 -20.000000
327 423 -29.000000
423 519 -21.000000
519 615 -5.000000
615 711 8.000000
711 807 9.000000
807 903 66.000000
903 999 80.000000
999 1095 -40.000000
47 143 31.000000
143 239 100.000000
239 335 18.000000
335 431 -85.000000
431 527 88.000000
527 623 20.000000
623 719 26.000000
719 815 -29.000000
815 911 -72.000000
911 1007 120.000000
1007 1103 -19.000000
55 151 31.000000
151 247 -65.000000
247 343 -79.000000
343 439 96.000000
439 535 9.000000
535 631 -90.000000
631 727 53.000000
727 823 -78.000000
823 919 -13.000000
919 1015 91.000000
1015 1111 -72.000000
63 159 -62.000000
159 255 34.000000
255 351 5.000000
351 447 -82.000000
447 543 25.000000
543 639 34.000000
639 735 -64.000000
735 831 91.000000
831 927 86.000000
927 1023 14.000000
1023 1119 -71.000000
71 167 19.000000
167 263 68.000000
263 359 -51.000000
359 455 55.000000
455 551 4.000000
551 647 79.000000
647 743 -115.000000
743 839 55.000000
839 935 90.000000
935 1031 -30.000000
1031 1127 -26.000000
79 175 -92.000000
175 271 117.000000
271 367 -79.000000
367 463 98.000000
463 559 -61.000000
559 655 34.000000
655 751 -21.000000
751 847 -17.000000
847 943 55.000000
943 1039 -56.000000
1039 1135 41.000000
87 183 -64.000000
183 279 88.000000
279 375 40.000000
375 471 7.000000
471 567 82.000000
567 663 -53.000000
663 759 21.000000
759 855 -66.000000
855 951 17.000000
951 1047 100.000000
1047 1143 111.000000
95 191 110.000000
191 287 -51.000000
287 383 -4.000000
383 479 26.000000
479 575 6.000000
575 671 4.000000
671 767 107.000000
767 863 74.000000
863 959 107.000000
959 1055 -76.000000
1055 1151 -91.000000
