128
0 4 111.000000
0 5 -16.000000
0 6 -122.000000
0 7 73.000000
1 4 -66.000000
1 5 -120.000000
1 6 -13.000000
1 7 18.000000
2 4 -47.000000
2 5 -122.000000
2 6 1.000000
2 7 38.000000
3 4 7.000000
3 5 -41.000000
3 6 1.000000
3 7 84.000000
8 12 113.000000
8 13 31.000000
8 14 77.000000
8 15 55.000000
9 12 -90.000000
9 13 42.000000
9 14 10.000000
9 15 -125.000000
10 12 -64.000000
10 13 -79.000000
10 14 -59.000000
10 15 -78.000000
11 12 127.000000
11 13 21.000000
11 14 42.000000
11 15 -103.000000
16 20 67.000000
16 21 -118.000000
16 22 85.000000
16 23 22.000000
17 20 83.000000
17 21 -22.000000
17 22 -97.000000
17 23 -12.000000
18 20 123.000000
18 21 -81.000000
18 22 71.000000
18 23 103.000000
19 20 13.000000
19 21 -70.000000
19 22 -91.000000
19 23 -65.000000
24 28 26.000000
24 29 -29.000000
24 30 -92.000000
24 31 -23.000000
25 28 -97.000000
25 29 4.000000
25 30 47.000000
25 31 92.000000
26 28 89.000000
26 29 80.000000
26 30 -68.000000
26 31 102.000000
27 28 43.000000
27 29 -118.000000
27 30 -72.000000
27 31 -20.000000
32 36 101.000000
32 37 -73.000000
32 38 -82.000000
32 39 -104.000000
33 36 3.000000
33 37 -102.000000
33 38 97.000000
33 39 -75.000000
34 36 94.000000
34 37 91.000000
34 38 -66.000000
34 39 -98.000000
35 36 93.000000
35 37 -97.000000
35 38 7.000000
35 39 118.000000
40 44 -21.000000
40 45 29.000000
40 46 -14.000000
40 47 -10.000000
41 44 95.000000
41 45 50.000000
41 46 41.000000
41 47 -114.000000
42 44 127.000000
42 45 25.000000
42 46 126.000000
42 47 29.000000
43 44 66.000000
43 45 119.000000
43 46 98.000000
43 47 36.000000
48 52 37.000000
48 53 76.000000
48 54 -60.000000
48 55 59.000000
49 52 61.000000
49 53 66.000000
49 54 -80.000000
49 55 93.000000
50 52 121.000000
50 53 -8.000000
50 54 -104.000000
50 55 -74.000000
51 52 26.000000
51 53 -106.000000
51 54 48.000000
51 55 89.000000
56 60 69.000000
56 61 118.000000
56 62 114.000000
56 63 -3.000000
57 60 13.000000
57 61 -22.000000
57 62 120.000000
57 63 -44.000000
58 60 -95.000000
58 61 81.000000
58 62 -79.000000
58 63 -105.000000
59 60 93.000000
59 61 75.000000
59 62 80.000000
59 63 -72.000000
64 68 -73.000000
64 69 -5.000000
64 70 -103.000000
64 71 98.000000
65 68 -74.000000
65 69 -73.000000
65 70 89.000000
65 71 29.000000
66 68 24.000000
66 69 119.000000
66 70 -9.000000
66 71 63.000000
67 68 35.000000
67 69 -89.000000
67 70 -38.000000
67 71 118.000000
72 76 -96.000000
72 77 26.000000
72 78 120.000000
72 79 -43.000000
73 76 -107.000000
73 77 -117.000000
73 78 80.000000
73 79 -116.000000
74 76 -118.000000
74 77 -62.000000
74 78 60.000000
74 79 -84.000000
75 76 -127.000000
75 77 65.000000
75 78 -71.000000
75 79 4.000000
80 84 42.000000
80 85 -85.000000
80 86 16.000000
80 87 -93.000000
81 84 99.000000
81 85 -55.000000
81 86 -91.000000
81 87 19.000000
82 84 15.000000
82 85 72.000000
82 86 69.000000
82 87 26.000000
83 84 58.000000
83 85 89.000000
83 86 -2.000000
83 87 15.000000
88 92 104.000000
88 93 62.000000
88 94 91.000000
88 95 106.000000
89 92 -108.000000
89 93 -113.000000
89 94 75.000000
89 95 16.000000
90 92 76.000000
90 93 21.000000
90 94 -92.000000
90 95 61.000000
91 92 -111.000000
91 93 -6.000000
91 94 97.000000
91 95 13.000000
96 100 -110.000000
96 101 -64.000000
96 102 -92.000000
96 103 -9.000000
97 100 -66.000000
97 101 -126.000000
97 102 -109.000000
97 103 87.000000
98 100 77.000000
98 101 49.000000
98 102 -9.000000
98 103 54.000000
99 100 -122.000000
99 101 -80.000000
99 102 -70.000000
99 103 28.000000
104 108 -22.000000
104 109 -126.000000
104 110 -117.000000
104 111 -49.000000
105 108 111.000000
105 109 53.000000
105 110 -45.000000
105 111 -5.000000
106 108 110.000000
106 109 27.000000
106 110 27.000000
106 111 -85.000000
107 108 -4.000000
107 109 104.000000
107 110 -121.000000
107 111 117.000000
112 116 -72.000000
112 117 -1.000000
112 118 105.000000
112 119 108.000000
113 116 80.000000
113 117 37.000000
113 118 36.000000
113 119 102.000000
114 116 -87.000000
114 117 119.000000
114 118 -72.000000
114 119 126.000000
115 116 -106.000000
115 117 13.000000
115 118 -91.000000
115 119 114.000000
120 124 109.000000
120 125 87.000000
120 126 -21.000000
120 127 39.000000
121 124 -92.000000
121 125 81.000000
121 126 -109.000000
121 127 2.000000
122 124 -47.000000
122 125 -37.000000
122 126 54.000000
122 127 58.000000
123 124 122.000000
123 125 122.000000
123 126 -55.000000
123 127 -111.000000
0 8 -80.000000
8 16 106.000000
16 24 121.000000
32 40 -56.000000
40 48 84.000000
48 56 70.000000
64 72 55.000000
72 80 116.000000
80 88 -48.000000
96 104 -84.000000
104 112 -53.000000
112 120 -124.000000
1 9 67.000000
9 17 123.000000
17 25 92.000000
33 41 -22.000000
41 49 -32.000000
49 57 127.000000
65 73 -8.000000
73 81 -95.000000
81 89 40.000000
97 105 -13.000000
105 113 -91.000000
113 121 -60.000000
2 10 11.000000
10 18 104.000000
18 26 13.000000
34 42 93.000000
42 50 -84.000000
50 58 72.000000
66 74 50.000000
74 82 75.000000
82 90 -84.000000
98 106 -98.000000
106 114 -104.000000
114 122 48.000000
3 11 -85.000000
11 19 102.000000
19 27 45.000000
35 43 -52.000000
43 51 33.000000
51 59 93.000000
67 75 -112.000000
75 83 -115.000000
83 91 -10.000000
99 107 107.000000
107 115 -9.000000
115 123 -124.000000
4 36 111.000000
36 68 48.000000
68 100 16.000000
12 44 -95.000000
44 76 -12.000000
76 108 -13.000000
20 52 86.000000
52 84 87.000000
84 116 76.000000
28 60 19.000000
60 92 102.000000
92 124 1.000000
5 37 41.000000
37 69 27.000000
69 101 -10.000000
13 45 124.000000
45 77 -108.000000
77 109 64.000000
21 53 123.000000
53 85 88.000000
85 117 84.000000
29 61 47.000000
61 93 -21.000000
93 125 -25.000000
6 38 -49.000000
38 70 28.000000
70 102 33.000000
14 46 126.000000
46 78 111.000000
78 110 113.000000
22 54 47.000000
54 86 104.000000
86 118 -19.000000
30 62 15.000000
62 94 64.000000
94 126 -5.000000
7 39 58.000000
39 71 -54.000000
71 103 -40.000000
15 47 38.000000
47 79 106.000000
79 111 -111.000000
23 55 -77.000000
55 87 -76.000000
87 119 -6.000000
31 63 44.000000
63 95 35.000000
95 127 62.000000
