128
0 4 1.000000
0 5 -1.000000
0 6 -1.000000
0 7 1.000000
1 4 -1.000000
1 5 -1.000000
1 6 -1.000000
1 7 1.000000
2 4 -1.000000
2 5 -1.000000
2 6 1.000000
2 7 1.000000
3 4 1.000000
3 5 -1.000000
3 6 1.000000
3 7 1.000000
8 12 1.000000
8 13 1.000000
8 14 1.000000
8 15 1.000000
9 12 -1.000000
9 13 1.000000
9 14 1.000000
9 15 -1.000000
10 12 -1.000000
10 13 -1.000000
10 14 -1.000000
10 15 -1.000000
11 12 1.000000
11 13 1.000000
11 14 1.000000
11 15 -1.000000
16 20 1.000000
16 21 -1.000000
16 22 1.000000
16 23 1.000000
17 20 1.000000
17 21 -1.000000
17 22 -1.000000
17 23 -1.000000
18 20 1.000000
18 21 -1.000000
18 22 1.000000
18 23 1.000000
19 20 1.000000
19 21 -1.000000
19 22 -1.000000
19 23 -1.000000
24 28 1.000000
24 29 -1.000000
24 30 -1.000000
24 31 -1.000000
25 28 -1.000000
25 29 1.000000
25 30 1.000000
25 31 1.000000
26 28 1.000000
26 29 1.000000
26 30 -1.000000
26 31 1.000000
27 28 1.000000
27 29 -1.000000
27 30 -1.000000
27 31 -1.000000
32 36 1.000000
32 37 -1.000000
32 38 -1.000000
32 39 -1.000000
33 36 1.000000
33 37 -1.000000
33 38 1.000000
33 39 -1.000000
34 36 1.000000
34 37 1.000000
34 38 -1.000000
34 39 -1.000000
35 36 1.000000
35 37 -1.000000
35 38 1.000000
35 39 1.000000
40 44 -1.000000
40 45 1.000000
40 46 -1.000000
40 47 -1.000000
41 44 1.000000
41 45 1.000000
41 46 1.000000
41 47 -1.000000
42 44 1.000000
42 45 1.000000
42 46 1.000000
42 47 1.000000
43 44 1.000000
43 45 1.000000
43 46 1.000000
43 47 1.000000
48 52 1.000000
48 53 1.000000
48 54 -1.000000
48 55 1.000000
49 52 1.000000
49 53 1.000000
49 54 -1.000000
49 55 1.000000
50 52 1.000000
50 53 -1.000000
50 54 -1.000000
50 55 -1.000000
51 52 1.000000
51 53 -1.000000
51 54 1.000000
51 55 1.000000
56 60 1.000000
56 61 1.000000
56 62 1.000000
56 63 -1.000000
57 60 1.000000
57 61 -1.000000
57 62 1.000000
57 63 -1.000000
58 60 -1.000000
58 61 1.000000
58 62 -1.000000
58 63 -1.000000
59 60 1.000000
59 61 1.000000
59 62 1.000000
59 63 -1.000000
64 68 -1.000000
64 69 -1.000000
64 70 -1.000000
64 71 1.000000
65 68 -1.000000
65 69 -1.000000
65 70 1.000000
65 71 1.000000
66 68 1.000000
66 69 1.000000
66 70 -1.000000
66 71 1.000000
67 68 1.000000
67 69 -1.000000
67 70 -1.000000
67 71 1.000000
72 76 -1.000000
72 77 1.000000
72 78 1.000000
72 79 -1.000000
73 76 -1.000000
73 77 -1.000000
73 78 1.000000
73 79 -1.000000
74 76 -1.000000
74 77 -1.000000
74 78 1.000000
74 79 -1.000000
75 76 -1.000000
75 77 1.000000
75 78 -1.000000
75 79 1.000000
80 84 1.000000
80 85 -1.000000
80 86 1.000000
80 87 -1.000000
81 84 1.000000
81 85 -1.000000
81 86 -1.000000
81 87 1.000000
82 84 1.000000
82 85 1.000000
82 86 1.000000
82 87 1.000000
83 84 1.000000
83 85 1.000000
83 86 -1.000000
83 87 1.000000
88 92 1.000000
88 93 1.000000
88 94 1.000000
88 95 1.000000
89 92 -1.000000
89 93 -1.000000
89 94 1.000000
89 95 1.000000
90 92 1.000000
90 93 1.000000
90 94 -1.000000
90 95 1.000000
91 92 -1.000000
91 93 -1.000000
91 94 1.000000
91 95 1.000000
96 100 -1.000000
96 101 -1.000000
96 102 -1.000000
96 103 -1.000000
97 100 -1.000000
97 101 -1.000000
97 102 -1.000000
97 103 1.000000
98 100 1.000000
98 101 1.000000
98 102 -1.000000
98 103 1.000000
99 100 -1.000000
99 101 -1.000000
99 102 -1.000000
99 103 1.000000
104 108 -1.000000
104 109 -1.000000
104 110 -1.000000
104 111 -1.000000
105 108 1.000000
105 109 1.000000
105 110 -1.000000
105 111 -1.000000
106 108 1.000000
106 109 1.000000
106 110 1.000000
106 111 -1.000000
107 108 -1.000000
107 109 1.000000
107 110 -1.000000
107 111 1.000000
112 116 -1.000000
112 117 -1.000000
112 118 1.000000
112 119 1.000000
113 116 1.000000
113 117 1.000000
113 118 1.000000
113 119 1.000000
114 116 -1.000000
114 117 1.000000
114 118 -1.000000
114 119 1.000000
115 116 -1.000000
115 117 1.000000
115 118 -1.000000
115 119 1.000000
120 124 1.000000
120 125 1.000000
120 126 -1.000000
120 127 1.000000
121 124 -1.000000
121 125 1.000000
121 126 -1.000000
121 127 1.000000
122 124 -1.000000
122 125 -1.000000
122 126 1.000000
122 127 1.000000
123 124 1.000000
123 125 1.000000
123 126 -1.000000
123 127 -1.000000
0 8 -1.000000
8 16 1.000000
16 24 1.000000
32 40 -1.000000
40 48 1.000000
48 56 1.000000
64 72 1.000000
72 80 1.000000
80 88 -1.000000
96 104 -1.000000
104 112 -1.000000
112 120 -1.000000
1 9 1.000000
9 17 1.000000
17 25 1.000000
33 41 -1.000000
41 49 -1.000000
49 57 1.000000
65 73 -1.000000
73 81 -1.000000
81 89 1.000000
97 105 -1.000000
105 113 -1.000000
113 121 -1.000000
2 10 1.000000
10 18 1.000000
18 26 1.000000
34 42 1.000000
42 50 -1.000000
50 58 1.000000
66 74 1.000000
74 82 1.000000
82 90 -1.000000
98 106 -1.000000
106 114 -1.000000
114 122 1.000000
3 11 -1.000000
11 19 1.000000
19 27 1.000000
35 43 -1.000000
43 51 1.000000
51 59 1.000000
67 75 -1.000000
75 83 -1.000000
83 91 -1.000000
99 107 1.000000
107 115 -1.000000
115 123 -1.000000
4 36 1.000000
36 68 1.000000
68 100 1.000000
12 44 -1.000000
44 76 -1.000000
76 108 -1.000000
20 52 1.000000
52 84 1.000000
84 116 1.000000
28 60 1.000000
60 92 1.000000
92 124 1.000000
5 37 1.000000
37 69 1.000000
69 101 -1.000000
13 45 1.000000
45 77 -1.000000
77 109 1.000000
21 53 1.000000
53 85 1.000000
85 117 1.000000
29 61 1.000000
61 93 -1.000000
93 125 -1.000000
6 38 -1.000000
38 70 1.000000
70 102 1.000000
14 46 1.000000
46 78 1.000000
78 110 1.000000
22 54 1.000000
54 86 1.000000
86 118 -1.000000
30 62 1.000000
62 94 1.000000
94 126 -1.000000
7 39 1.000000
39 71 -1.000000
71 103 -1.000000
15 47 1.000000
47 79 1.000000
79 111 -1.000000
23 55 -1.000000
55 87 -1.000000
87 119 -1.000000
31 63 1.000000
63 95 1.000000
95 127 1.000000
