512
0 4 6.000000
0 5 -1.000000
0 6 -7.000000
0 7 6.000000
1 4 -1.000000
1 5 -2.000000
1 6 -2.000000
1 7 2.000000
2 4 -4.000000
2 5 -5.000000
2 6 7.000000
2 7 7.000000
3 4 5.000000
3 5 -7.000000
3 6 2.000000
3 7 5.000000
8 12 6.000000
8 13 3.000000
8 14 1.000000
8 15 4.000000
9 12 -5.000000
9 13 4.000000
9 14 3.000000
9 15 -6.000000
10 12 -4.000000
10 13 -5.000000
10 14 -1.000000
10 15 -4.000000
11 12 5.000000
11 13 2.000000
11 14 7.000000
11 15 -4.000000
16 20 1.000000
16 21 -6.000000
16 22 1.000000
16 23 6.000000
17 20 4.000000
17 21 -4.000000
17 22 -7.000000
17 23 -2.000000
18 20 2.000000
18 21 -2.000000
18 22 1.000000
18 23 3.000000
19 20 5.000000
19 21 -4.000000
19 22 -7.000000
19 23 -5.000000
24 28 6.000000
24 29 -3.000000
24 30 -3.000000
24 31 -3.000000
25 28 -6.000000
25 29 3.000000
25 30 4.000000
25 31 7.000000
26 28 6.000000
26 29 3.000000
26 30 -4.000000
26 31 4.000000
27 28 7.000000
27 29 -1.000000
27 30 -2.000000
27 31 -2.000000
32 36 5.000000
32 37 -5.000000
32 38 -1.000000
32 39 -4.000000
33 36 3.000000
33 37 -1.000000
33 38 3.000000
33 39 -7.000000
34 36 3.000000
34 37 1.000000
34 38 -3.000000
34 39 -3.000000
35 36 7.000000
35 37 -3.000000
35 38 5.000000
35 39 4.000000
40 44 -4.000000
40 45 5.000000
40 46 -3.000000
40 47 -6.000000
41 44 2.000000
41 45 1.000000
41 46 3.000000
41 47 -3.000000
42 44 3.000000
42 45 7.000000
42 46 3.000000
42 47 2.000000
43 44 7.000000
43 45 7.000000
43 46 4.000000
43 47 2.000000
48 52 2.000000
48 53 6.000000
48 54 -4.000000
48 55 1.000000
49 52 1.000000
49 53 2.000000
49 54 -1.000000
49 55 5.000000
50 52 5.000000
50 53 -5.000000
50 54 -4.000000
50 55 -6.000000
51 52 1.000000
51 53 -5.000000
51 54 2.000000
51 55 4.000000
56 60 2.000000
56 61 3.000000
56 62 4.000000
56 63 -3.000000
57 60 6.000000
57 61 -1.000000
57 62 1.000000
57 63 -2.000000
58 60 -6.000000
58 61 6.000000
58 62 -3.000000
58 63 -3.000000
59 60 3.000000
59 61 7.000000
59 62 1.000000
59 63 -7.000000
64 68 -5.000000
64 69 -2.000000
64 70 -3.000000
64 71 3.000000
65 68 -7.000000
65 69 -6.000000
65 70 3.000000
65 71 7.000000
66 68 2.000000
66 69 1.000000
66 70 -2.000000
66 71 3.000000
67 68 5.000000
67 69 -1.000000
67 70 -3.000000
67 71 2.000000
72 76 -3.000000
72 77 4.000000
72 78 4.000000
72 79 -2.000000
73 76 -7.000000
73 77 -7.000000
73 78 1.000000
73 79 -1.000000
74 76 -1.000000
74 77 -2.000000
74 78 7.000000
74 79 -2.000000
75 76 -5.000000
75 77 5.000000
75 78 -1.000000
75 79 3.000000
80 84 7.000000
80 85 -1.000000
80 86 2.000000
80 87 -5.000000
81 84 5.000000
81 85 -1.000000
81 86 -7.000000
81 87 5.000000
82 84 7.000000
82 85 7.000000
82 86 1.000000
82 87 7.000000
83 84 7.000000
83 85 1.000000
83 86 -6.000000
83 87 3.000000
88 92 4.000000
88 93 5.000000
88 94 3.000000
88 95 4.000000
89 92 -5.000000
89 93 -5.000000
89 94 4.000000
89 95 1.000000
90 92 6.000000
90 93 6.000000
90 94 -3.000000
90 95 5.000000
91 92 -2.000000
91 93 -4.000000
91 94 3.000000
91 95 2.000000
96 100 -6.000000
96 101 -3.000000
96 102 -5.000000
96 103 -2.000000
97 100 -7.000000
97 101 -1.000000
97 102 -4.000000
97 103 3.000000
98 100 2.000000
98 101 1.000000
98 102 -1.000000
98 103 3.000000
99 100 -7.000000
99 101 -3.000000
99 102 -2.000000
99 103 5.000000
104 108 -5.000000
104 109 -2.000000
104 110 -2.000000
104 111 -1.000000
105 108 4.000000
105 109 1.000000
105 110 -5.000000
105 111 -4.000000
106 108 1.000000
106 109 1.000000
106 110 7.000000
106 111 -3.000000
107 108 -7.000000
107 109 6.000000
107 110 -7.000000
107 111 6.000000
112 116 -5.000000
112 117 -6.000000
112 118 5.000000
112 119 5.000000
113 116 3.000000
113 117 4.000000
113 118 5.000000
113 119 2.000000
114 116 -3.000000
114 117 1.000000
114 118 -2.000000
114 119 6.000000
115 116 -7.000000
115 117 7.000000
115 118 -4.000000
115 119 3.000000
120 124 3.000000
120 125 4.000000
120 126 -4.000000
120 127 6.000000
121 124 -4.000000
121 125 2.000000
121 126 -1.000000
121 127 2.000000
122 124 -2.000000
122 125 -7.000000
122 126 2.000000
122 127 2.000000
123 124 6.000000
123 125 4.000000
123 126 -1.000000
123 127 -7.000000
128 132 -4.000000
128 133 6.000000
128 134 7.000000
128 135 -1.000000
129 132 4.000000
129 133 1.000000
129 134 2.000000
129 135 2.000000
130 132 -7.000000
130 133 -4.000000
130 134 -5.000000
130 135 -6.000000
131 132 1.000000
131 133 2.000000
131 134 7.000000
131 135 -2.000000
136 140 -6.000000
136 141 5.000000
136 142 -1.000000
136 143 -5.000000
137 140 1.000000
137 141 -4.000000
137 142 -2.000000
137 143 -3.000000
138 140 3.000000
138 141 7.000000
138 142 6.000000
138 143 5.000000
139 140 -6.000000
139 141 6.000000
139 142 2.000000
139 143 3.000000
144 148 -4.000000
144 149 -3.000000
144 150 -5.000000
144 151 7.000000
145 148 -7.000000
145 149 5.000000
145 150 4.000000
145 151 -1.000000
146 148 1.000000
146 149 6.000000
146 150 -1.000000
146 151 -2.000000
147 148 -6.000000
147 149 1.000000
147 150 -3.000000
147 151 -3.000000
152 156 5.000000
152 157 1.000000
152 158 1.000000
152 159 -5.000000
153 156 -6.000000
153 157 -6.000000
153 158 4.000000
153 159 2.000000
154 156 2.000000
154 157 5.000000
154 158 1.000000
154 159 1.000000
155 156 7.000000
155 157 2.000000
155 158 -5.000000
155 159 3.000000
160 164 -6.000000
160 165 7.000000
160 166 6.000000
160 167 4.000000
161 164 2.000000
161 165 2.000000
161 166 -4.000000
161 167 -7.000000
162 164 -7.000000
162 165 6.000000
162 166 6.000000
162 167 4.000000
163 164 1.000000
163 165 4.000000
163 166 1.000000
163 167 4.000000
168 172 -1.000000
168 173 3.000000
168 174 6.000000
168 175 -6.000000
169 172 3.000000
169 173 -3.000000
169 174 -5.000000
169 175 1.000000
170 172 3.000000
170 173 -4.000000
170 174 -1.000000
170 175 -4.000000
171 172 -4.000000
171 173 3.000000
171 174 4.000000
171 175 5.000000
176 180 -1.000000
176 181 6.000000
176 182 -3.000000
176 183 1.000000
177 180 6.000000
177 181 2.000000
177 182 2.000000
177 183 -6.000000
178 180 -7.000000
178 181 7.000000
178 182 4.000000
178 183 -4.000000
179 180 -1.000000
179 181 6.000000
179 182 -3.000000
179 183 2.000000
184 188 -1.000000
184 189 6.000000
184 190 -6.000000
184 191 -5.000000
185 188 1.000000
185 189 -4.000000
185 190 6.000000
185 191 -3.000000
186 188 -7.000000
186 189 6.000000
186 190 3.000000
186 191 -1.000000
187 188 -5.000000
187 189 7.000000
187 190 -7.000000
187 191 1.000000
192 196 5.000000
192 197 7.000000
192 198 -4.000000
192 199 -4.000000
193 196 -7.000000
193 197 1.000000
193 198 7.000000
193 199 -4.000000
194 196 -2.000000
194 197 6.000000
194 198 1.000000
194 199 2.000000
195 196 1.000000
195 197 -4.000000
195 198 2.000000
195 199 3.000000
200 204 -3.000000
200 205 7.000000
200 206 3.000000
200 207 -5.000000
201 204 -1.000000
201 205 -4.000000
201 206 5.000000
201 207 -3.000000
202 204 -5.000000
202 205 6.000000
202 206 1.000000
202 207 3.000000
203 204 7.000000
203 205 4.000000
203 206 -1.000000
203 207 3.000000
208 212 6.000000
208 213 5.000000
208 214 -2.000000
208 215 -1.000000
209 212 -3.000000
209 213 7.000000
209 214 7.000000
209 215 2.000000
210 212 -6.000000
210 213 6.000000
210 214 4.000000
210 215 -5.000000
211 212 5.000000
211 213 4.000000
211 214 -5.000000
211 215 -4.000000
216 220 -5.000000
216 221 1.000000
216 222 -5.000000
216 223 7.000000
217 220 -1.000000
217 221 -5.000000
217 222 -6.000000
217 223 1.000000
218 220 -2.000000
218 221 -6.000000
218 222 -6.000000
218 223 -5.000000
219 220 7.000000
219 221 4.000000
219 222 -6.000000
219 223 -4.000000
224 228 -5.000000
224 229 6.000000
224 230 -4.000000
224 231 -7.000000
225 228 -7.000000
225 229 2.000000
225 230 5.000000
225 231 2.000000
226 228 6.000000
226 229 2.000000
226 230 2.000000
226 231 1.000000
227 228 -6.000000
227 229 1.000000
227 230 6.000000
227 231 2.000000
232 236 -6.000000
232 237 7.000000
232 238 -5.000000
232 239 4.000000
233 236 -5.000000
233 237 -4.000000
233 238 4.000000
233 239 7.000000
234 236 4.000000
234 237 7.000000
234 238 5.000000
234 239 1.000000
235 236 -6.000000
235 237 -7.000000
235 238 3.000000
235 239 -7.000000
240 244 -3.000000
240 245 -6.000000
240 246 3.000000
240 247 -7.000000
241 244 -4.000000
241 245 1.000000
241 246 7.000000
241 247 5.000000
242 244 -5.000000
242 245 3.000000
242 246 7.000000
242 247 -1.000000
243 244 7.000000
243 245 3.000000
243 246 6.000000
243 247 -3.000000
248 252 2.000000
248 253 -7.000000
248 254 2.000000
248 255 7.000000
249 252 -7.000000
249 253 -3.000000
249 254 -4.000000
249 255 -4.000000
250 252 -7.000000
250 253 2.000000
250 254 -5.000000
250 255 -6.000000
251 252 2.000000
251 253 6.000000
251 254 3.000000
251 255 7.000000
256 260 2.000000
256 261 -4.000000
256 262 -7.000000
256 263 -6.000000
257 260 -1.000000
257 261 3.000000
257 262 -1.000000
257 263 5.000000
258 260 3.000000
258 261 3.000000
258 262 -6.000000
258 263 -4.000000
259 260 1.000000
259 261 3.000000
259 262 1.000000
259 263 -3.000000
264 268 3.000000
264 269 2.000000
264 270 -5.000000
264 271 -7.000000
265 268 1.000000
265 269 -6.000000
265 270 6.000000
265 271 -7.000000
266 268 -7.000000
266 269 2.000000
266 270 2.000000
266 271 -1.000000
267 268 -5.000000
267 269 1.000000
267 270 -1.000000
267 271 -4.000000
272 276 -3.000000
272 277 3.000000
272 278 6.000000
272 279 -2.000000
273 276 2.000000
273 277 -6.000000
273 278 -4.000000
273 279 -2.000000
274 276 4.000000
274 277 4.000000
274 278 -7.000000
274 279 -2.000000
275 276 -4.000000
275 277 -5.000000
275 278 7.000000
275 279 -5.000000
280 284 2.000000
280 285 -2.000000
280 286 5.000000
280 287 3.000000
281 284 -1.000000
281 285 -6.000000
281 286 3.000000
281 287 3.000000
282 284 2.000000
282 285 -6.000000
282 286 7.000000
282 287 2.000000
283 284 5.000000
283 285 -3.000000
283 286 5.000000
283 287 4.000000
288 292 -2.000000
288 293 -4.000000
288 294 -3.000000
288 295 5.000000
289 292 4.000000
289 293 5.000000
289 294 4.000000
289 295 7.000000
290 292 -3.000000
290 293 3.000000
290 294 3.000000
290 295 -6.000000
291 292 -1.000000
291 293 -7.000000
291 294 -3.000000
291 295 1.000000
296 300 -5.000000
296 301 -6.000000
296 302 -6.000000
296 303 3.000000
297 300 6.000000
297 301 -4.000000
297 302 -3.000000
297 303 2.000000
298 300 6.000000
298 301 3.000000
298 302 1.000000
298 303 6.000000
299 300 4.000000
299 301 -3.000000
299 302 -5.000000
299 303 1.000000
304 308 -3.000000
304 309 -6.000000
304 310 6.000000
304 311 -2.000000
305 308 -5.000000
305 309 -2.000000
305 310 4.000000
305 311 3.000000
306 308 -5.000000
306 309 1.000000
306 310 -7.000000
306 311 1.000000
307 308 -6.000000
307 309 -7.000000
307 310 -4.000000
307 311 2.000000
312 316 3.000000
312 317 5.000000
312 318 7.000000
312 319 -2.000000
313 316 7.000000
313 317 1.000000
313 318 -4.000000
313 319 5.000000
314 316 3.000000
314 317 -4.000000
314 318 -7.000000
314 319 5.000000
315 316 5.000000
315 317 1.000000
315 318 2.000000
315 319 -3.000000
320 324 -1.000000
320 325 4.000000
320 326 -2.000000
320 327 -6.000000
321 324 5.000000
321 325 1.000000
321 326 -5.000000
321 327 -1.000000
322 324 -2.000000
322 325 -7.000000
322 326 4.000000
322 327 4.000000
323 324 6.000000
323 325 -5.000000
323 326 3.000000
323 327 3.000000
328 332 1.000000
328 333 -5.000000
328 334 1.000000
328 335 -7.000000
329 332 4.000000
329 333 4.000000
329 334 -3.000000
329 335 -4.000000
330 332 6.000000
330 333 1.000000
330 334 -5.000000
330 335 1.000000
331 332 6.000000
331 333 -1.000000
331 334 6.000000
331 335 6.000000
336 340 -6.000000
336 341 5.000000
336 342 1.000000
336 343 2.000000
337 340 4.000000
337 341 -7.000000
337 342 -7.000000
337 343 1.000000
338 340 -4.000000
338 341 4.000000
338 342 -2.000000
338 343 -6.000000
339 340 -4.000000
339 341 -4.000000
339 342 2.000000
339 343 -6.000000
344 348 1.000000
344 349 4.000000
344 350 7.000000
344 351 2.000000
345 348 -1.000000
345 349 4.000000
345 350 1.000000
345 351 -2.000000
346 348 7.000000
346 349 7.000000
346 350 -5.000000
346 351 5.000000
347 348 5.000000
347 349 1.000000
347 350 -4.000000
347 351 2.000000
352 356 6.000000
352 357 -4.000000
352 358 6.000000
352 359 -3.000000
353 356 3.000000
353 357 -5.000000
353 358 6.000000
353 359 3.000000
354 356 -7.000000
354 357 -3.000000
354 358 -5.000000
354 359 -1.000000
355 356 -1.000000
355 357 4.000000
355 358 2.000000
355 359 -7.000000
360 364 -6.000000
360 365 -3.000000
360 366 -3.000000
360 367 1.000000
361 364 5.000000
361 365 -5.000000
361 366 -7.000000
361 367 5.000000
362 364 -7.000000
362 365 -6.000000
362 366 7.000000
362 367 2.000000
363 364 2.000000
363 365 4.000000
363 366 -5.000000
363 367 -2.000000
368 372 -1.000000
368 373 -4.000000
368 374 -3.000000
368 375 7.000000
369 372 5.000000
369 373 -6.000000
369 374 7.000000
369 375 4.000000
370 372 3.000000
370 373 -6.000000
370 374 5.000000
370 375 2.000000
371 372 4.000000
371 373 6.000000
371 374 4.000000
371 375 -7.000000
376 380 -5.000000
376 381 7.000000
376 382 -5.000000
376 383 -3.000000
377 380 -4.000000
377 381 2.000000
377 382 -7.000000
377 383 7.000000
378 380 -5.000000
378 381 -2.000000
378 382 2.000000
378 383 4.000000
379 380 1.000000
379 381 -2.000000
379 382 -1.000000
379 383 -6.000000
384 388 -2.000000
384 389 -1.000000
384 390 4.000000
384 391 3.000000
385 388 1.000000
385 389 2.000000
385 390 1.000000
385 391 -5.000000
386 388 2.000000
386 389 -1.000000
386 390 -4.000000
386 391 6.000000
387 388 5.000000
387 389 6.000000
387 390 5.000000
387 391 5.000000
392 396 4.000000
392 397 -7.000000
392 398 7.000000
392 399 -5.000000
393 396 -5.000000
393 397 3.000000
393 398 3.000000
393 399 3.000000
394 396 1.000000
394 397 2.000000
394 398 -1.000000
394 399 1.000000
395 396 2.000000
395 397 -5.000000
395 398 -7.000000
395 399 1.000000
400 404 -7.000000
400 405 -5.000000
400 406 3.000000
400 407 -2.000000
401 404 6.000000
401 405 7.000000
401 406 7.000000
401 407 -5.000000
402 404 -3.000000
402 405 -4.000000
402 406 4.000000
402 407 -3.000000
403 404 -5.000000
403 405 -3.000000
403 406 7.000000
403 407 7.000000
408 412 -1.000000
408 413 2.000000
408 414 7.000000
408 415 5.000000
409 412 -4.000000
409 413 -7.000000
409 414 -2.000000
409 415 -1.000000
410 412 -1.000000
410 413 3.000000
410 414 -2.000000
410 415 -3.000000
411 412 -1.000000
411 413 -4.000000
411 414 3.000000
411 415 3.000000
416 420 1.000000
416 421 -4.000000
416 422 3.000000
416 423 7.000000
417 420 6.000000
417 421 5.000000
417 422 -6.000000
417 423 -7.000000
418 420 -5.000000
418 421 3.000000
418 422 2.000000
418 423 -4.000000
419 420 -3.000000
419 421 -6.000000
419 422 -1.000000
419 423 -7.000000
424 428 3.000000
424 429 5.000000
424 430 -7.000000
424 431 -2.000000
425 428 -6.000000
425 429 -3.000000
425 430 1.000000
425 431 1.000000
426 428 -6.000000
426 429 -3.000000
426 430 -4.000000
426 431 -7.000000
427 428 1.000000
427 429 -2.000000
427 430 -6.000000
427 431 -2.000000
432 436 7.000000
432 437 -4.000000
432 438 -2.000000
432 439 -7.000000
433 436 1.000000
433 437 7.000000
433 438 -7.000000
433 439 4.000000
434 436 7.000000
434 437 6.000000
434 438 -7.000000
434 439 5.000000
435 436 -1.000000
435 437 2.000000
435 438 -5.000000
435 439 5.000000
440 444 -5.000000
440 445 5.000000
440 446 3.000000
440 447 2.000000
441 444 3.000000
441 445 -2.000000
441 446 -3.000000
441 447 -5.000000
442 444 -7.000000
442 445 -1.000000
442 446 6.000000
442 447 4.000000
443 444 1.000000
443 445 3.000000
443 446 -4.000000
443 447 4.000000
448 452 -6.000000
448 453 5.000000
448 454 -2.000000
448 455 2.000000
449 452 -2.000000
449 453 1.000000
449 454 -2.000000
449 455 -3.000000
450 452 -6.000000
450 453 4.000000
450 454 -3.000000
450 455 1.000000
451 452 3.000000
451 453 4.000000
451 454 6.000000
451 455 -5.000000
456 460 3.000000
456 461 -4.000000
456 462 5.000000
456 463 -3.000000
457 460 -6.000000
457 461 2.000000
457 462 -1.000000
457 463 -5.000000
458 460 -1.000000
458 461 1.000000
458 462 -6.000000
458 463 -4.000000
459 460 7.000000
459 461 5.000000
459 462 -4.000000
459 463 -7.000000
464 468 -3.000000
464 469 -7.000000
464 470 6.000000
464 471 -3.000000
465 468 2.000000
465 469 6.000000
465 470 2.000000
465 471 7.000000
466 468 -1.000000
466 469 2.000000
466 470 4.000000
466 471 -6.000000
467 468 -2.000000
467 469 -3.000000
467 470 -1.000000
467 471 -6.000000
472 476 1.000000
472 477 6.000000
472 478 2.000000
472 479 -7.000000
473 476 -1.000000
473 477 3.000000
473 478 -5.000000
473 479 -1.000000
474 476 7.000000
474 477 -3.000000
474 478 -5.000000
474 479 -1.000000
475 476 4.000000
475 477 -6.000000
475 478 1.000000
475 479 5.000000
480 484 6.000000
480 485 -7.000000
480 486 1.000000
480 487 1.000000
481 484 -7.000000
481 485 7.000000
481 486 3.000000
481 487 -1.000000
482 484 -2.000000
482 485 -7.000000
482 486 6.000000
482 487 -1.000000
483 484 -7.000000
483 485 -4.000000
483 486 3.000000
483 487 7.000000
488 492 -3.000000
488 493 -4.000000
488 494 1.000000
488 495 -2.000000
489 492 -4.000000
489 493 -3.000000
489 494 6.000000
489 495 5.000000
490 492 -1.000000
490 493 1.000000
490 494 1.000000
490 495 -3.000000
491 492 -5.000000
491 493 4.000000
491 494 6.000000
491 495 3.000000
496 500 4.000000
496 501 7.000000
496 502 7.000000
496 503 1.000000
497 500 4.000000
497 501 -2.000000
497 502 -1.000000
497 503 -4.000000
498 500 -6.000000
498 501 -4.000000
498 502 3.000000
498 503 -5.000000
499 500 3.000000
499 501 -2.000000
499 502 -6.000000
499 503 -5.000000
504 508 -1.000000
504 509 7.000000
504 510 7.000000
504 511 -4.000000
505 508 5.000000
505 509 -3.000000
505 510 7.000000
505 511 -1.000000
506 508 -1.000000
506 509 -3.000000
506 510 1.000000
506 511 -6.000000
507 508 3.000000
507 509 1.000000
507 510 3.000000
507 511 3.000000
0 8 -6.000000
8 16 1.000000
16 24 -5.000000
24 32 1.000000
32 40 -5.000000
40 48 -1.000000
48 56 -6.000000
64 72 5.000000
72 80 3.000000
80 88 4.000000
88 96 -2.000000
96 104 -1.000000
104 112 5.000000
112 120 7.000000
128 136 -4.000000
136 144 -6.000000
144 152 1.000000
152 160 -5.000000
160 168 -1.000000
168 176 1.000000
176 184 -3.000000
192 200 -4.000000
200 208 -1.000000
208 216 4.000000
216 224 -4.000000
224 232 4.000000
232 240 -6.000000
240 248 -7.000000
256 264 3.000000
264 272 -1.000000
272 280 -5.000000
280 288 -5.000000
288 296 3.000000
296 304 -3.000000
304 312 5.000000
320 328 -3.000000
328 336 3.000000
336 344 4.000000
344 352 3.000000
352 360 -3.000000
360 368 4.000000
368 376 -5.000000
384 392 1.000000
392 400 -4.000000
400 408 -6.000000
408 416 3.000000
416 424 -6.000000
424 432 1.000000
432 440 7.000000
448 456 1.000000
456 464 -3.000000
464 472 6.000000
472 480 4.000000
480 488 5.000000
488 496 7.000000
496 504 4.000000
1 9 4.000000
9 17 4.000000
17 25 7.000000
25 33 -7.000000
33 41 -4.000000
41 49 -4.000000
49 57 2.000000
65 73 -7.000000
73 81 4.000000
81 89 -7.000000
89 97 -5.000000
97 105 1.000000
105 113 -1.000000
113 121 4.000000
129 137 2.000000
137 145 1.000000
145 153 -5.000000
153 161 -2.000000
161 169 4.000000
169 177 5.000000
177 185 -4.000000
193 201 -7.000000
201 209 -2.000000
209 217 -2.000000
217 225 4.000000
225 233 3.000000
233 241 -6.000000
241 249 -6.000000
257 265 -5.000000
265 273 2.000000
273 281 6.000000
281 289 -7.000000
289 297 -2.000000
297 305 2.000000
305 313 7.000000
321 329 5.000000
329 337 6.000000
337 345 4.000000
345 353 2.000000
353 361 -4.000000
361 369 3.000000
369 377 7.000000
385 393 -6.000000
393 401 3.000000
401 409 -4.000000
409 417 -6.000000
417 425 -4.000000
425 433 7.000000
433 441 -2.000000
449 457 -2.000000
457 465 1.000000
465 473 2.000000
473 481 -7.000000
481 489 3.000000
489 497 7.000000
497 505 1.000000
2 10 -7.000000
10 18 -1.000000
18 26 3.000000
26 34 5.000000
34 42 -7.000000
42 50 -4.000000
50 58 -2.000000
66 74 7.000000
74 82 3.000000
82 90 -1.000000
90 98 -2.000000
98 106 6.000000
106 114 4.000000
114 122 4.000000
130 138 2.000000
138 146 -5.000000
146 154 -2.000000
154 162 -3.000000
162 170 -1.000000
170 178 -5.000000
178 186 7.000000
194 202 -1.000000
202 210 -2.000000
210 218 -1.000000
218 226 -5.000000
226 234 -4.000000
234 242 3.000000
242 250 -4.000000
258 266 -5.000000
266 274 -7.000000
274 282 1.000000
282 290 4.000000
290 298 7.000000
298 306 -1.000000
306 314 3.000000
322 330 5.000000
330 338 3.000000
338 346 -6.000000
346 354 2.000000
354 362 6.000000
362 370 -6.000000
370 378 -2.000000
386 394 -7.000000
394 402 3.000000
402 410 -7.000000
410 418 -4.000000
418 426 4.000000
426 434 5.000000
434 442 4.000000
450 458 1.000000
458 466 -7.000000
466 474 5.000000
474 482 -4.000000
482 490 -3.000000
490 498 5.000000
498 506 -1.000000
3 11 -6.000000
11 19 -7.000000
19 27 7.000000
27 35 4.000000
35 43 -2.000000
43 51 -6.000000
51 59 5.000000
67 75 -6.000000
75 83 4.000000
83 91 4.000000
91 99 -7.000000
99 107 -3.000000
107 115 -4.000000
115 123 6.000000
131 139 -2.000000
139 147 2.000000
147 155 -2.000000
155 163 6.000000
163 171 6.000000
171 179 -7.000000
179 187 -7.000000
195 203 -3.000000
203 211 -3.000000
211 219 -1.000000
219 227 -3.000000
227 235 -7.000000
235 243 -5.000000
243 251 1.000000
259 267 1.000000
267 275 1.000000
275 283 7.000000
283 291 4.000000
291 299 -6.000000
299 307 7.000000
307 315 -2.000000
323 331 -1.000000
331 339 -6.000000
339 347 -6.000000
347 355 -3.000000
355 363 -3.000000
363 371 6.000000
371 379 -5.000000
387 395 4.000000
395 403 2.000000
403 411 -1.000000
411 419 3.000000
419 427 -2.000000
427 435 6.000000
435 443 -7.000000
451 459 6.000000
459 467 1.000000
467 475 -3.000000
475 483 2.000000
483 491 2.000000
491 499 -6.000000
499 507 -7.000000
4 68 -1.000000
68 132 -5.000000
132 196 -6.000000
196 260 -6.000000
260 324 6.000000
324 388 -3.000000
388 452 6.000000
12 76 -2.000000
76 140 3.000000
140 204 3.000000
204 268 -3.000000
268 332 -4.000000
332 396 -3.000000
396 460 6.000000
20 84 3.000000
84 148 -3.000000
148 212 -6.000000
212 276 4.000000
276 340 4.000000
340 404 -7.000000
404 468 -1.000000
28 92 -4.000000
92 156 1.000000
156 220 -3.000000
220 284 -7.000000
284 348 2.000000
348 412 -6.000000
412 476 -4.000000
36 100 7.000000
100 164 1.000000
164 228 -3.000000
228 292 3.000000
292 356 -6.000000
356 420 -1.000000
420 484 6.000000
44 108 -6.000000
108 172 1.000000
172 236 -3.000000
236 300 -2.000000
300 364 2.000000
364 428 4.000000
428 492 5.000000
52 116 -5.000000
116 180 -2.000000
180 244 -7.000000
244 308 1.000000
308 372 -7.000000
372 436 6.000000
436 500 5.000000
60 124 -7.000000
124 188 -5.000000
188 252 3.000000
252 316 -2.000000
316 380 5.000000
380 444 5.000000
444 508 4.000000
5 69 4.000000
69 133 -7.000000
133 197 1.000000
197 261 -7.000000
261 325 5.000000
325 389 4.000000
389 453 4.000000
13 77 -5.000000
77 141 -7.000000
141 205 5.000000
205 269 -5.000000
269 333 -6.000000
333 397 -2.000000
397 461 -5.000000
21 85 -3.000000
85 149 -4.000000
149 213 2.000000
213 277 -4.000000
277 341 -1.000000
341 405 4.000000
405 469 4.000000
29 93 4.000000
93 157 1.000000
157 221 4.000000
221 285 1.000000
285 349 -6.000000
349 413 -6.000000
413 477 1.000000
37 101 -7.000000
101 165 -3.000000
165 229 4.000000
229 293 6.000000
293 357 1.000000
357 421 3.000000
421 485 1.000000
45 109 1.000000
109 173 4.000000
173 237 -2.000000
237 301 1.000000
301 365 -1.000000
365 429 4.000000
429 493 3.000000
53 117 5.000000
117 181 6.000000
181 245 -4.000000
245 309 7.000000
309 373 4.000000
373 437 7.000000
437 501 5.000000
61 125 -7.000000
125 189 6.000000
189 253 -7.000000
253 317 -1.000000
317 381 4.000000
381 445 -2.000000
445 509 -4.000000
6 70 -1.000000
70 134 -3.000000
134 198 -7.000000
198 262 -5.000000
262 326 -6.000000
326 390 7.000000
390 454 7.000000
14 78 3.000000
78 142 6.000000
142 206 -5.000000
206 270 -6.000000
270 334 3.000000
334 398 1.000000
398 462 -3.000000
22 86 -1.000000
86 150 3.000000
150 214 3.000000
214 278 -6.000000
278 342 2.000000
342 406 -7.000000
406 470 -5.000000
30 94 -7.000000
94 158 -3.000000
158 222 -4.000000
222 286 -7.000000
286 350 -2.000000
350 414 1.000000
414 478 -5.000000
38 102 -6.000000
102 166 -6.000000
166 230 -5.000000
230 294 2.000000
294 358 -4.000000
358 422 -7.000000
422 486 3.000000
46 110 2.000000
110 174 -3.000000
174 238 2.000000
238 302 -6.000000
302 366 -1.000000
366 430 2.000000
430 494 -3.000000
54 118 -1.000000
118 182 6.000000
182 246 1.000000
246 310 7.000000
310 374 -5.000000
374 438 -2.000000
438 502 -6.000000
62 126 -3.000000
126 190 3.000000
190 254 4.000000
254 318 -3.000000
318 382 -5.000000
382 446 -6.000000
446 510 -1.000000
7 71 2.000000
71 135 -7.000000
135 199 -2.000000
199 263 -4.000000
263 327 -7.000000
327 391 4.000000
391 455 -2.000000
15 79 -1.000000
79 143 7.000000
143 207 -3.000000
207 271 6.000000
271 335 -2.000000
335 399 1.000000
399 463 5.000000
23 87 -1.000000
87 151 4.000000
151 215 2.000000
215 279 -1.000000
279 343 -3.000000
343 407 4.000000
407 471 -5.000000
31 95 -3.000000
95 159 6.000000
159 223 -6.000000
223 287 -4.000000
287 351 -4.000000
351 415 3.000000
415 479 -4.000000
39 103 -1.000000
103 167 7.000000
167 231 -6.000000
231 295 7.000000
295 359 -3.000000
359 423 -3.000000
423 487 7.000000
47 111 5.000000
111 175 2.000000
175 239 3.000000
239 303 -1.000000
303 367 -2.000000
367 431 -6.000000
431 495 7.000000
55 119 7.000000
119 183 2.000000
183 247 -1.000000
247 311 -5.000000
311 375 -3.000000
375 439 6.000000
439 503 -5.000000
63 127 1.000000
127 191 -6.000000
191 255 3.000000
255 319 1.000000
319 383 3.000000
383 447 5.000000
447 511 -7.000000
