512
0 4 111.000000
0 5 -16.000000
0 6 -122.000000
0 7 73.000000
1 4 -66.000000
1 5 -120.000000
1 6 -13.000000
1 7 18.000000
2 4 -47.000000
2 5 -122.000000
2 6 1.000000
2 7 38.000000
3 4 7.000000
3 5 -41.000000
3 6 1.000000
3 7 84.000000
8 12 113.000000
8 13 31.000000
8 14 77.000000
8 15 55.000000
9 12 -90.000000
9 13 42.000000
9 14 10.000000
9 15 -125.000000
10 12 -64.000000
10 13 -79.000000
10 14 -59.000000
10 15 -78.000000
11 12 127.000000
11 13 21.000000
11 14 42.000000
11 15 -103.000000
16 20 67.000000
16 21 -118.000000
16 22 85.000000
16 23 22.000000
17 20 83.000000
17 21 -22.000000
17 22 -97.000000
17 23 -12.000000
18 20 123.000000
18 21 -81.000000
18 22 71.000000
18 23 103.000000
19 20 13.000000
19 21 -70.000000
19 22 -91.000000
19 23 -65.000000
24 28 26.000000
24 29 -29.000000
24 30 -92.000000
24 31 -23.000000
25 28 -97.000000
25 29 4.000000
25 30 47.000000
25 31 92.000000
26 28 89.000000
26 29 80.000000
26 30 -68.000000
26 31 102.000000
27 28 43.000000
27 29 -118.000000
27 30 -72.000000
27 31 -20.000000
32 36 101.000000
32 37 -73.000000
32 38 -82.000000
32 39 -104.000000
33 36 3.000000
33 37 -102.000000
33 38 97.000000
33 39 -75.000000
34 36 94.000000
34 37 91.000000
34 38 -66.000000
34 39 -98.000000
35 36 93.000000
35 37 -97.000000
35 38 7.000000
35 39 118.000000
40 44 -21.000000
40 45 29.000000
40 46 -14.000000
40 47 -10.000000
41 44 95.000000
41 45 50.000000
41 46 41.000000
41 47 -114.000000
42 44 127.000000
42 45 25.000000
42 46 126.000000
42 47 29.000000
43 44 66.000000
43 45 119.000000
43 46 98.000000
43 47 36.000000
48 52 37.000000
48 53 76.000000
48 54 -60.000000
48 55 59.000000
49 52 61.000000
49 53 66.000000
49 54 -80.000000
49 55 93.000000
50 52 121.000000
50 53 -8.000000
50 54 -104.000000
50 55 -74.000000
51 52 26.000000
51 53 -106.000000
51 54 48.000000
51 55 89.000000
56 60 69.000000
56 61 118.000000
56 62 114.000000
56 63 -3.000000
57 60 13.000000
57 61 -22.000000
57 62 120.000000
57 63 -44.000000
58 60 -95.000000
58 61 81.000000
58 62 -79.000000
58 63 -105.000000
59 60 93.000000
59 61 75.000000
59 62 80.000000
59 63 -72.000000
64 68 -73.000000
64 69 -5.000000
64 70 -103.000000
64 71 98.000000
65 68 -74.000000
65 69 -73.000000
65 70 89.000000
65 71 29.000000
66 68 24.000000
66 69 119.000000
66 70 -9.000000
66 71 63.000000
67 68 35.000000
67 69 -89.000000
67 70 -38.000000
67 71 118.000000
72 76 -96.000000
72 77 26.000000
72 78 120.000000
72 79 -43.000000
73 76 -107.000000
73 77 -117.000000
73 78 80.000000
73 79 -116.000000
74 76 -118.000000
74 77 -62.000000
74 78 60.000000
74 79 -84.000000
75 76 -127.000000
75 77 65.000000
75 78 -71.000000
75 79 4.000000
80 84 42.000000
80 85 -85.000000
80 86 16.000000
80 87 -93.000000
81 84 99.000000
81 85 -55.000000
81 86 -91.000000
81 87 19.000000
82 84 15.000000
82 85 72.000000
82 86 69.000000
82 87 26.000000
83 84 58.000000
83 85 89.000000
83 86 -2.000000
83 87 15.000000
88 92 104.000000
88 93 62.000000
88 94 91.000000
88 95 106.000000
89 92 -108.000000
89 93 -113.000000
89 94 75.000000
89 95 16.000000
90 92 76.000000
90 93 21.000000
90 94 -92.000000
90 95 61.000000
91 92 -111.000000
91 93 -6.000000
91 94 97.000000
91 95 13.000000
96 100 -110.000000
96 101 -64.000000
96 102 -92.000000
96 103 -9.000000
97 100 -66.000000
97 101 -126.000000
97 102 -109.000000
97 103 87.000000
98 100 77.000000
98 101 49.000000
98 102 -9.000000
98 103 54.000000
99 100 -122.000000
99 101 -80.000000
99 102 -70.000000
99 103 28.000000
104 108 -22.000000
104 109 -126.000000
104 110 -117.000000
104 111 -49.000000
105 108 111.000000
105 109 53.000000
105 110 -45.000000
105 111 -5.000000
106 108 110.000000
106 109 27.000000
106 110 27.000000
106 111 -85.000000
107 108 -4.000000
107 109 104.000000
107 110 -121.000000
107 111 117.000000
112 116 -72.000000
112 117 -1.000000
112 118 105.000000
112 119 108.000000
113 116 80.000000
113 117 37.000000
113 118 36.000000
113 119 102.000000
114 116 -87.000000
114 117 119.000000
114 118 -72.000000
114 119 126.000000
115 116 -106.000000
115 117 13.000000
115 118 -91.000000
115 119 114.000000
120 124 109.000000
120 125 87.000000
120 126 -21.000000
120 127 39.000000
121 124 -92.000000
121 125 81.000000
121 126 -109.000000
121 127 2.000000
122 124 -47.000000
122 125 -37.000000
122 126 54.000000
122 127 58.000000
123 124 122.000000
123 125 122.000000
123 126 -55.000000
123 127 -111.000000
128 132 -80.000000
128 133 106.000000
128 134 121.000000
128 135 -56.000000
129 132 84.000000
129 133 70.000000
129 134 55.000000
129 135 116.000000
130 132 -48.000000
130 133 -84.000000
130 134 -53.000000
130 135 -124.000000
131 132 67.000000
131 133 123.000000
131 134 92.000000
131 135 -22.000000
136 140 -32.000000
136 141 127.000000
136 142 -8.000000
136 143 -95.000000
137 140 40.000000
137 141 -13.000000
137 142 -91.000000
137 143 -60.000000
138 140 11.000000
138 141 104.000000
138 142 13.000000
138 143 93.000000
139 140 -84.000000
139 141 72.000000
139 142 50.000000
139 143 75.000000
144 148 -84.000000
144 149 -98.000000
144 150 -104.000000
144 151 48.000000
145 148 -85.000000
145 149 102.000000
145 150 45.000000
145 151 -52.000000
146 148 33.000000
146 149 93.000000
146 150 -112.000000
146 151 -115.000000
147 148 -10.000000
147 149 107.000000
147 150 -9.000000
147 151 -124.000000
152 156 111.000000
152 157 48.000000
152 158 16.000000
152 159 -95.000000
153 156 -12.000000
153 157 -13.000000
153 158 86.000000
153 159 87.000000
154 156 76.000000
154 157 19.000000
154 158 102.000000
154 159 1.000000
155 156 41.000000
155 157 27.000000
155 158 -10.000000
155 159 124.000000
160 164 -108.000000
160 165 64.000000
160 166 123.000000
160 167 88.000000
161 164 84.000000
161 165 47.000000
161 166 -21.000000
161 167 -25.000000
162 164 -49.000000
162 165 28.000000
162 166 33.000000
162 167 126.000000
163 164 111.000000
163 165 113.000000
163 166 47.000000
163 167 104.000000
168 172 -19.000000
168 173 15.000000
168 174 64.000000
168 175 -5.000000
169 172 58.000000
169 173 -54.000000
169 174 -40.000000
169 175 38.000000
170 172 106.000000
170 173 -111.000000
170 174 -77.000000
170 175 -76.000000
171 172 -6.000000
171 173 44.000000
171 174 35.000000
171 175 62.000000
176 180 -53.000000
176 181 51.000000
176 182 -42.000000
176 183 119.000000
177 180 89.000000
177 181 42.000000
177 182 108.000000
177 183 -88.000000
178 180 -10.000000
178 181 80.000000
178 182 36.000000
178 183 -3.000000
179 180 -81.000000
179 181 76.000000
179 182 -58.000000
179 183 17.000000
184 188 -78.000000
184 189 90.000000
184 190 -105.000000
184 191 -76.000000
185 188 119.000000
185 189 -58.000000
185 190 61.000000
185 191 -49.000000
186 188 -73.000000
186 189 5.000000
186 190 21.000000
186 191 -14.000000
187 188 -44.000000
187 189 64.000000
187 190 -91.000000
187 191 76.000000
192 196 11.000000
192 197 18.000000
192 198 -112.000000
192 199 -45.000000
193 196 -74.000000
193 197 58.000000
193 198 112.000000
193 199 -53.000000
194 196 -98.000000
194 197 29.000000
194 198 55.000000
194 199 75.000000
195 196 115.000000
195 197 -65.000000
195 198 91.000000
195 199 103.000000
200 204 -51.000000
200 205 81.000000
200 206 77.000000
200 207 -121.000000
201 204 -92.000000
201 205 -15.000000
201 206 21.000000
201 207 -124.000000
202 204 -108.000000
202 205 93.000000
202 206 43.000000
202 207 6.000000
203 204 44.000000
203 205 92.000000
203 206 -75.000000
203 207 92.000000
208 212 52.000000
208 213 17.000000
208 214 -28.000000
208 215 -16.000000
209 212 -45.000000
209 213 60.000000
209 214 81.000000
209 215 40.000000
210 212 -65.000000
210 213 87.000000
210 214 30.000000
210 215 -2.000000
211 212 27.000000
211 213 55.000000
211 214 -25.000000
211 215 -83.000000
216 220 -49.000000
216 221 68.000000
216 222 -92.000000
216 223 67.000000
217 220 -97.000000
217 221 -66.000000
217 222 -47.000000
217 223 102.000000
218 220 -94.000000
218 221 -75.000000
218 222 -19.000000
218 223 -60.000000
219 220 26.000000
219 221 3.000000
219 222 -126.000000
219 223 -117.000000
224 228 -48.000000
224 229 114.000000
224 230 -6.000000
224 231 -13.000000
225 228 -36.000000
225 229 17.000000
225 230 39.000000
225 231 41.000000
226 228 44.000000
226 229 120.000000
226 230 57.000000
226 231 83.000000
227 228 -32.000000
227 229 116.000000
227 230 26.000000
227 231 60.000000
232 236 -27.000000
232 237 68.000000
232 238 -74.000000
232 239 126.000000
233 236 -14.000000
233 237 -47.000000
233 238 124.000000
233 239 50.000000
234 236 68.000000
234 237 78.000000
234 238 86.000000
234 239 62.000000
235 236 -101.000000
235 237 -122.000000
235 238 20.000000
235 239 -47.000000
240 244 -83.000000
240 245 -62.000000
240 246 59.000000
240 247 -122.000000
241 244 -66.000000
241 245 117.000000
241 246 121.000000
241 247 86.000000
242 244 -72.000000
242 245 41.000000
242 246 53.000000
242 247 -4.000000
243 244 9.000000
243 245 1.000000
243 246 44.000000
243 247 -49.000000
248 252 35.000000
248 253 -21.000000
248 254 42.000000
248 255 22.000000
249 252 -48.000000
249 253 -34.000000
249 254 -41.000000
249 255 -85.000000
250 252 -12.000000
250 253 8.000000
250 254 -84.000000
250 255 -67.000000
251 252 9.000000
251 253 95.000000
251 254 114.000000
251 255 44.000000
256 260 126.000000
256 261 -98.000000
256 262 -62.000000
256 263 -12.000000
257 260 -122.000000
257 261 15.000000
257 262 -12.000000
257 263 20.000000
258 260 89.000000
258 261 72.000000
258 262 -30.000000
258 263 -112.000000
259 260 77.000000
259 261 74.000000
259 262 87.000000
259 263 -68.000000
264 268 37.000000
264 269 116.000000
264 270 -14.000000
264 271 -73.000000
265 268 20.000000
265 269 -34.000000
265 270 51.000000
265 271 -47.000000
266 268 -72.000000
266 269 33.000000
266 270 1.000000
266 271 -123.000000
267 268 -88.000000
267 269 124.000000
267 270 -43.000000
267 271 -123.000000
272 276 -78.000000
272 277 42.000000
272 278 87.000000
272 279 -90.000000
273 276 66.000000
273 277 -3.000000
273 278 -50.000000
273 279 -104.000000
274 276 31.000000
274 277 79.000000
274 278 -19.000000
274 279 -91.000000
275 276 -7.000000
275 277 -10.000000
275 278 1.000000
275 279 -120.000000
280 284 100.000000
280 285 -42.000000
280 286 5.000000
280 287 23.000000
281 284 -119.000000
281 285 -34.000000
281 286 65.000000
281 287 19.000000
282 284 12.000000
282 285 -109.000000
282 286 35.000000
282 287 127.000000
283 284 16.000000
283 285 -74.000000
283 286 6.000000
283 287 86.000000
288 292 -83.000000
288 293 -29.000000
288 294 -114.000000
288 295 5.000000
289 292 67.000000
289 293 11.000000
289 294 49.000000
289 295 82.000000
290 292 -117.000000
290 293 81.000000
290 294 127.000000
290 295 -41.000000
291 292 -81.000000
291 293 -15.000000
291 294 -36.000000
291 295 55.000000
296 300 -91.000000
296 301 -62.000000
296 302 -118.000000
296 303 55.000000
297 300 104.000000
297 301 -45.000000
297 302 -78.000000
297 303 68.000000
298 300 54.000000
298 301 75.000000
298 302 101.000000
298 303 60.000000
299 300 85.000000
299 301 -4.000000
299 302 -38.000000
299 303 103.000000
304 308 -125.000000
304 309 -69.000000
304 310 94.000000
304 311 -38.000000
305 308 -46.000000
305 309 -79.000000
305 310 65.000000
305 311 55.000000
306 308 -32.000000
306 309 36.000000
306 310 -93.000000
306 311 42.000000
307 308 -25.000000
307 309 -35.000000
307 310 -95.000000
307 311 54.000000
312 316 38.000000
312 317 72.000000
312 318 111.000000
312 319 -59.000000
313 316 48.000000
313 317 16.000000
313 318 -21.000000
313 319 103.000000
314 316 49.000000
314 317 -49.000000
314 318 -90.000000
314 319 64.000000
315 316 127.000000
315 317 49.000000
315 318 100.000000
315 319 -43.000000
320 324 -90.000000
320 325 7.000000
320 326 -80.000000
320 327 -85.000000
321 324 66.000000
321 325 103.000000
321 326 -27.000000
321 327 -4.000000
322 324 -82.000000
322 325 -81.000000
322 326 126.000000
322 327 23.000000
323 324 107.000000
323 325 -76.000000
323 326 31.000000
323 327 82.000000
328 332 81.000000
328 333 -49.000000
328 334 17.000000
328 335 -24.000000
329 332 89.000000
329 333 33.000000
329 334 -69.000000
329 335 -47.000000
330 332 80.000000
330 333 51.000000
330 334 -9.000000
330 335 68.000000
331 332 9.000000
331 333 -59.000000
331 334 110.000000
331 335 15.000000
336 340 -92.000000
336 341 87.000000
336 342 52.000000
336 343 55.000000
337 340 109.000000
337 341 -105.000000
337 342 -115.000000
337 343 65.000000
338 340 -16.000000
338 341 9.000000
338 342 -52.000000
338 343 -122.000000
339 340 -69.000000
339 341 -83.000000
339 342 66.000000
339 343 -106.000000
344 348 17.000000
344 349 3.000000
344 350 48.000000
344 351 66.000000
345 348 -9.000000
345 349 62.000000
345 350 58.000000
345 351 -54.000000
346 348 97.000000
346 349 80.000000
346 350 -122.000000
346 351 66.000000
347 348 1.000000
347 349 106.000000
347 350 -94.000000
347 351 80.000000
352 356 13.000000
352 357 -44.000000
352 358 123.000000
352 359 -72.000000
353 356 16.000000
353 357 -126.000000
353 358 116.000000
353 359 3.000000
354 356 -98.000000
354 357 -91.000000
354 358 -21.000000
354 359 -12.000000
355 356 -25.000000
355 357 71.000000
355 358 57.000000
355 359 -94.000000
360 364 -89.000000
360 365 -121.000000
360 366 -102.000000
360 367 80.000000
361 364 47.000000
361 365 -54.000000
361 366 -114.000000
361 367 105.000000
362 364 -3.000000
362 365 -33.000000
362 366 72.000000
362 367 28.000000
363 364 17.000000
363 365 87.000000
363 366 -104.000000
363 367 -14.000000
368 372 -46.000000
368 373 -7.000000
368 374 -48.000000
368 375 9.000000
369 372 21.000000
369 373 -113.000000
369 374 102.000000
369 375 67.000000
370 372 6.000000
370 373 -111.000000
370 374 7.000000
370 375 46.000000
371 372 108.000000
371 373 87.000000
371 374 42.000000
371 375 -6.000000
376 380 -83.000000
376 381 107.000000
376 382 -90.000000
376 383 -81.000000
377 380 -26.000000
377 381 101.000000
377 382 -13.000000
377 383 96.000000
378 380 -4.000000
378 381 -87.000000
378 382 81.000000
378 383 17.000000
379 380 112.000000
379 381 -2.000000
379 382 -69.000000
379 383 -105.000000
384 388 -11.000000
384 389 -11.000000
384 390 47.000000
384 391 66.000000
385 388 21.000000
385 389 65.000000
385 390 72.000000
385 391 -35.000000
386 388 96.000000
386 389 -61.000000
386 390 -109.000000
386 391 102.000000
387 388 46.000000
387 389 111.000000
387 390 101.000000
387 391 121.000000
392 396 28.000000
392 397 -67.000000
392 398 94.000000
392 399 -11.000000
393 396 -37.000000
393 397 4.000000
393 398 92.000000
393 399 31.000000
394 396 15.000000
394 397 92.000000
394 398 -42.000000
394 399 89.000000
395 396 25.000000
395 397 -57.000000
395 398 -24.000000
395 399 93.000000
400 404 -54.000000
400 405 -108.000000
400 406 38.000000
400 407 -118.000000
401 404 58.000000
401 405 38.000000
401 406 16.000000
401 407 -57.000000
402 404 -24.000000
402 405 -26.000000
402 406 79.000000
402 407 -8.000000
403 404 -42.000000
403 405 -94.000000
403 406 106.000000
403 407 91.000000
408 412 -83.000000
408 413 43.000000
408 414 63.000000
408 415 50.000000
409 412 -12.000000
409 413 -118.000000
409 414 -12.000000
409 415 -49.000000
410 412 -60.000000
410 413 84.000000
410 414 -37.000000
410 415 -115.000000
411 412 -12.000000
411 413 -119.000000
411 414 123.000000
411 415 13.000000
416 420 27.000000
416 421 -63.000000
416 422 72.000000
416 423 65.000000
417 420 48.000000
417 421 94.000000
417 422 -86.000000
417 423 -78.000000
418 420 -73.000000
418 421 29.000000
418 422 108.000000
418 423 -53.000000
419 420 -72.000000
419 421 -100.000000
419 422 -118.000000
419 423 -11.000000
424 428 32.000000
424 429 97.000000
424 430 -42.000000
424 431 -51.000000
425 428 -73.000000
425 429 -13.000000
425 430 23.000000
425 431 41.000000
426 428 -107.000000
426 429 -70.000000
426 430 -69.000000
426 431 -71.000000
427 428 22.000000
427 429 -72.000000
427 430 -28.000000
427 431 -29.000000
432 436 12.000000
432 437 -27.000000
432 438 -25.000000
432 439 -126.000000
433 436 85.000000
433 437 112.000000
433 438 -85.000000
433 439 67.000000
434 436 85.000000
434 437 25.000000
434 438 -114.000000
434 439 23.000000
435 436 -3.000000
435 437 21.000000
435 438 -41.000000
435 439 81.000000
440 444 -31.000000
440 445 88.000000
440 446 48.000000
440 447 9.000000
441 444 82.000000
441 445 -104.000000
441 446 -1.000000
441 447 -95.000000
442 444 -36.000000
442 445 -95.000000
442 446 79.000000
442 447 22.000000
443 444 75.000000
443 445 103.000000
443 446 -75.000000
443 447 23.000000
448 452 -28.000000
448 453 25.000000
448 454 -54.000000
448 455 72.000000
449 452 -9.000000
449 453 30.000000
449 454 -67.000000
449 455 -85.000000
450 452 -108.000000
450 453 115.000000
450 454 -25.000000
450 455 5.000000
451 452 43.000000
451 453 71.000000
451 454 20.000000
451 455 -87.000000
456 460 53.000000
456 461 -115.000000
456 462 8.000000
456 463 -97.000000
457 460 -99.000000
457 461 24.000000
457 462 -123.000000
457 463 -4.000000
458 460 -9.000000
458 461 27.000000
458 462 -119.000000
458 463 -124.000000
459 460 122.000000
459 461 16.000000
459 462 -18.000000
459 463 -53.000000
464 468 -85.000000
464 469 -40.000000
464 470 91.000000
464 471 -99.000000
465 468 126.000000
465 469 83.000000
465 470 79.000000
465 471 90.000000
466 468 -68.000000
466 469 111.000000
466 470 4.000000
466 471 -86.000000
467 468 -32.000000
467 469 -122.000000
467 470 -60.000000
467 471 -102.000000
472 476 71.000000
472 477 93.000000
472 478 6.000000
472 479 -87.000000
473 476 -43.000000
473 477 117.000000
473 478 -119.000000
473 479 -72.000000
474 476 60.000000
474 477 -111.000000
474 478 -27.000000
474 479 -44.000000
475 476 18.000000
475 477 -90.000000
475 478 69.000000
475 479 86.000000
480 484 69.000000
480 485 -46.000000
480 486 106.000000
480 487 70.000000
481 484 -31.000000
481 485 6.000000
481 486 3.000000
481 487 -74.000000
482 484 -5.000000
482 485 -108.000000
482 486 109.000000
482 487 -73.000000
483 484 -53.000000
483 485 -68.000000
483 486 99.000000
483 487 126.000000
488 492 -76.000000
488 493 -98.000000
488 494 33.000000
488 495 -67.000000
489 492 -90.000000
489 493 -78.000000
489 494 14.000000
489 495 18.000000
490 492 -64.000000
490 493 32.000000
490 494 13.000000
490 495 -27.000000
491 492 -4.000000
491 493 44.000000
491 494 119.000000
491 495 125.000000
496 500 69.000000
496 501 105.000000
496 502 126.000000
496 503 22.000000
497 500 99.000000
497 501 -53.000000
497 502 -106.000000
497 503 -113.000000
498 500 -52.000000
498 501 -78.000000
498 502 113.000000
498 503 -122.000000
499 500 63.000000
499 501 -74.000000
499 502 -63.000000
499 503 -105.000000
504 508 -31.000000
504 509 81.000000
504 510 109.000000
504 511 -118.000000
505 508 57.000000
505 509 -57.000000
505 510 97.000000
505 511 -60.000000
506 508 -51.000000
506 509 -78.000000
506 510 106.000000
506 511 -9.000000
507 508 93.000000
507 509 86.000000
507 510 19.000000
507 511 7.000000
0 8 -9.000000
8 16 70.000000
16 24 -46.000000
24 32 70.000000
32 40 -87.000000
40 48 -113.000000
48 56 -32.000000
64 72 61.000000
72 80 47.000000
80 88 95.000000
88 96 -66.000000
96 104 -49.000000
104 112 42.000000
112 120 42.000000
128 136 -62.000000
136 144 -93.000000
144 152 120.000000
152 160 -52.000000
160 168 -87.000000
168 176 116.000000
176 184 -103.000000
192 200 -85.000000
200 208 -12.000000
208 216 74.000000
216 224 -13.000000
224 232 75.000000
232 240 -8.000000
240 248 -101.000000
256 264 122.000000
264 272 -101.000000
272 280 -48.000000
280 288 -111.000000
288 296 93.000000
296 304 -53.000000
304 312 21.000000
320 328 -81.000000
328 336 8.000000
336 344 114.000000
344 352 40.000000
352 360 -68.000000
360 368 92.000000
368 376 -4.000000
384 392 3.000000
392 400 -14.000000
400 408 -103.000000
408 416 29.000000
416 424 -37.000000
424 432 38.000000
432 440 39.000000
448 456 45.000000
456 464 -116.000000
464 472 38.000000
472 480 19.000000
480 488 6.000000
488 496 76.000000
496 504 103.000000
1 9 80.000000
9 17 5.000000
17 25 66.000000
25 33 -54.000000
33 41 -107.000000
41 49 -48.000000
49 57 94.000000
65 73 -9.000000
73 81 33.000000
81 89 -47.000000
89 97 -34.000000
97 105 8.000000
105 113 -109.000000
113 121 95.000000
129 137 77.000000
137 145 89.000000
145 153 -40.000000
153 161 -86.000000
161 169 86.000000
169 177 3.000000
177 185 -95.000000
193 201 -73.000000
201 209 -120.000000
209 217 -50.000000
217 225 126.000000
225 233 45.000000
233 241 -53.000000
241 249 -69.000000
257 265 -56.000000
265 273 75.000000
273 281 97.000000
281 289 -18.000000
289 297 -113.000000
297 305 97.000000
305 313 107.000000
321 329 9.000000
329 337 15.000000
337 345 119.000000
345 353 28.000000
353 361 -31.000000
361 369 1.000000
369 377 34.000000
385 393 -118.000000
393 401 71.000000
401 409 -2.000000
409 417 -42.000000
417 425 -46.000000
425 433 90.000000
433 441 -19.000000
449 457 -101.000000
457 465 32.000000
465 473 64.000000
473 481 -48.000000
481 489 44.000000
489 497 87.000000
497 505 84.000000
2 10 -5.000000
10 18 -5.000000
18 26 84.000000
26 34 32.000000
34 42 -93.000000
42 50 -40.000000
50 58 -108.000000
66 74 41.000000
74 82 54.000000
82 90 -115.000000
90 98 -100.000000
98 106 122.000000
106 114 97.000000
114 122 78.000000
130 138 95.000000
138 146 -16.000000
146 154 -16.000000
154 162 -85.000000
162 170 -95.000000
170 178 -34.000000
178 186 53.000000
194 202 -63.000000
202 210 -67.000000
210 218 -23.000000
218 226 -102.000000
226 234 -69.000000
234 242 61.000000
242 250 -85.000000
258 266 -84.000000
266 274 -78.000000
274 282 60.000000
282 290 14.000000
290 298 105.000000
298 306 -24.000000
306 314 78.000000
322 330 124.000000
330 338 121.000000
338 346 -20.000000
346 354 20.000000
354 362 45.000000
362 370 -45.000000
370 378 -59.000000
386 394 -33.000000
394 402 119.000000
402 410 -34.000000
410 418 -16.000000
418 426 27.000000
426 434 25.000000
434 442 119.000000
450 458 68.000000
458 466 -96.000000
466 474 57.000000
474 482 -99.000000
482 490 -7.000000
490 498 102.000000
498 506 -103.000000
3 11 -21.000000
11 19 -108.000000
19 27 25.000000
27 35 19.000000
35 43 -33.000000
43 51 -24.000000
51 59 55.000000
67 75 -55.000000
75 83 80.000000
83 91 100.000000
91 99 -43.000000
99 107 -2.000000
107 115 -80.000000
115 123 124.000000
131 139 -43.000000
139 147 65.000000
147 155 -109.000000
155 163 92.000000
163 171 1.000000
171 179 -64.000000
179 187 -9.000000
195 203 -84.000000
203 211 -118.000000
211 219 -93.000000
219 227 -117.000000
227 235 -110.000000
235 243 -69.000000
243 251 30.000000
259 267 95.000000
267 275 68.000000
275 283 108.000000
283 291 56.000000
291 299 -34.000000
299 307 87.000000
307 315 -122.000000
323 331 -58.000000
331 339 -93.000000
339 347 -42.000000
347 355 -18.000000
355 363 -10.000000
363 371 56.000000
371 379 -31.000000
387 395 78.000000
395 403 10.000000
403 411 -77.000000
411 419 46.000000
419 427 -74.000000
427 435 11.000000
435 443 -114.000000
451 459 124.000000
459 467 111.000000
467 475 -87.000000
475 483 68.000000
483 491 15.000000
491 499 -7.000000
499 507 -84.000000
4 68 -126.000000
68 132 -51.000000
132 196 -38.000000
196 260 -113.000000
260 324 2.000000
324 388 -35.000000
388 452 125.000000
12 76 -38.000000
76 140 6.000000
140 204 83.000000
204 268 -79.000000
268 332 -48.000000
332 396 -34.000000
396 460 96.000000
20 84 62.000000
84 148 -94.000000
148 212 -30.000000
212 276 121.000000
276 340 69.000000
340 404 -45.000000
404 468 -2.000000
28 92 -1.000000
92 156 116.000000
156 220 -109.000000
220 284 -55.000000
284 348 94.000000
348 412 -90.000000
412 476 -17.000000
36 100 61.000000
100 164 29.000000
164 228 -21.000000
228 292 47.000000
292 356 -123.000000
356 420 -101.000000
420 484 11.000000
44 108 -117.000000
108 172 90.000000
172 236 -3.000000
236 300 -11.000000
300 364 64.000000
364 428 24.000000
428 492 54.000000
52 116 -29.000000
116 180 -102.000000
180 244 -40.000000
244 308 67.000000
308 372 -108.000000
372 436 94.000000
436 500 10.000000
60 124 -15.000000
124 188 -78.000000
188 252 8.000000
252 316 -104.000000
316 380 117.000000
380 444 104.000000
444 508 27.000000
5 69 60.000000
69 133 -98.000000
133 197 16.000000
197 261 -33.000000
261 325 58.000000
325 389 98.000000
389 453 61.000000
13 77 -125.000000
77 141 -124.000000
141 205 66.000000
205 269 -127.000000
269 333 -105.000000
333 397 -74.000000
397 461 -74.000000
21 85 -123.000000
85 149 -35.000000
149 213 53.000000
213 277 -7.000000
277 341 -68.000000
341 405 106.000000
405 469 114.000000
29 93 19.000000
93 157 6.000000
157 221 101.000000
221 285 12.000000
285 349 -59.000000
349 413 -104.000000
413 477 105.000000
37 101 -105.000000
101 165 -85.000000
165 229 16.000000
229 293 20.000000
293 357 123.000000
357 421 120.000000
421 485 49.000000
45 109 44.000000
109 173 39.000000
173 237 -74.000000
237 301 62.000000
301 365 -37.000000
365 429 78.000000
429 493 75.000000
53 117 114.000000
117 181 89.000000
181 245 -87.000000
245 309 65.000000
309 373 29.000000
373 437 26.000000
437 501 102.000000
61 125 -70.000000
125 189 108.000000
189 253 -50.000000
253 317 -39.000000
317 381 55.000000
381 445 -27.000000
445 509 -29.000000
6 70 -51.000000
70 134 -15.000000
134 198 -20.000000
198 262 -112.000000
262 326 -13.000000
326 390 72.000000
390 454 125.000000
14 78 56.000000
78 142 107.000000
142 206 -106.000000
206 270 -102.000000
270 334 97.000000
334 398 8.000000
398 462 -97.000000
22 86 -107.000000
86 150 122.000000
150 214 93.000000
214 278 -42.000000
278 342 96.000000
342 406 -74.000000
406 470 -67.000000
30 94 -14.000000
94 158 -107.000000
158 222 -20.000000
222 286 -51.000000
286 350 -37.000000
350 414 10.000000
414 478 -14.000000
38 102 -14.000000
102 166 -35.000000
166 230 -101.000000
230 294 6.000000
294 358 -30.000000
358 422 -43.000000
422 486 73.000000
46 110 97.000000
110 174 -126.000000
174 238 68.000000
238 302 -36.000000
302 366 -47.000000
366 430 69.000000
430 494 -86.000000
54 118 -72.000000
118 182 79.000000
182 246 83.000000
246 310 61.000000
310 374 -15.000000
374 438 -113.000000
438 502 -105.000000
62 126 -33.000000
126 190 1.000000
190 254 46.000000
254 318 -104.000000
318 382 -87.000000
382 446 -57.000000
446 510 -81.000000
7 71 72.000000
71 135 -68.000000
135 199 -4.000000
199 263 -85.000000
263 327 -124.000000
327 391 6.000000
391 455 -76.000000
15 79 -39.000000
79 143 122.000000
143 207 -86.000000
207 271 66.000000
271 335 -104.000000
335 399 102.000000
399 463 38.000000
23 87 -60.000000
87 151 21.000000
151 215 6.000000
215 279 -11.000000
279 343 -90.000000
343 407 94.000000
407 471 -105.000000
31 95 -82.000000
95 159 66.000000
159 223 -81.000000
223 287 -56.000000
287 351 -46.000000
351 415 27.000000
415 479 -12.000000
39 103 -76.000000
103 167 24.000000
167 231 -15.000000
231 295 3.000000
295 359 -123.000000
359 423 -29.000000
423 487 92.000000
47 111 36.000000
111 175 78.000000
175 239 97.000000
239 303 -102.000000
303 367 -67.000000
367 431 -80.000000
431 495 127.000000
55 119 125.000000
119 183 99.000000
183 247 -51.000000
247 311 -72.000000
311 375 -38.000000
375 439 85.000000
439 503 -63.000000
63 127 110.000000
127 191 -101.000000
191 255 79.000000
255 319 119.000000
319 383 51.000000
383 447 97.000000
447 511 -106.000000
